0.15277635 0
0.15120721 1
0.14963217 2
0.1477966 3
0.14558217 4
0.14266671 5
0.1385497 6
0.13241586 7
0.122836426 8
0.10619477 9
0.07738714 10
0.049313083 11
0.047519837 12
0.047328807 13
0.040887926 14
0.032664094 15
0.026841514 16
0.021018885 17
0.020684306 18
0.019939607 19
0.021435646 20
0.022018248 21
0.022503821 22
0.02307017 23
0.022141047 24
0.021514008 25
0.020276062 26
0.019590667 27
0.019919844 28
0.018763073 29
0.018589824 30
0.017400293 31
0.017737847 32
0.01780683 33
0.017402941 34
0.01612141 35
0.017504893 36
0.01674459 37
0.01623957 38
0.016798472 39
0.016550664 40
0.015570158 41
0.01606939 42
0.01644099 43
0.017581567 44
0.016974378 45
0.01688554 46
0.016365234 47
0.016258724 48
0.015618008 49
0.017118825 50
0.016423175 51
0.016345106 52
0.016414452 53
0.015685514 54
0.015936272 55
0.016208006 56
0.015682593 57
0.015706303 58
0.016144067 59
0.015994756 60
0.016188482 61
0.01603013 62
0.015839597 63
0.01572239 64
0.014933483 65
0.015379927 66
0.015231525 67
0.016240217 68
0.016409602 69
0.015886718 70
0.015729941 71
0.015886763 72
0.015491303 73
0.01612529 74
0.015696343 75
0.015385607 76
0.015233151 77
0.01648842 78
0.015969073 79
0.015478951 80
0.014912725 81
0.015764097 82
0.01575182 83
0.015437674 84
0.01543679 85
0.0155453505 86
0.015208242 87
0.015173237 88
0.015334073 89
0.014534467 90
0.014426077 91
0.016511492 92
0.015016677 93
0.01583807 94
0.014468255 95
0.015534692 96
0.015635591 97
0.015277147 98
0.01558646 99
0.015300678 100
0.014880374 101
0.015095658 102
0.015277052 103
0.014978289 104
0.01519517 105
0.014674094 106
0.014896031 107
0.0150866965 108
0.014351341 109
0.014876562 110
0.014609249 111
0.01416101 112
0.014997157 113
0.014908773 114
0.014645754 115
0.014435808 116
0.014526489 117
0.014579083 118
0.015058346 119
0.01506465 120
0.014285957 121
0.015495359 122
0.0145925945 123
0.014606553 124
0.013830773 125
0.01496494 126
0.014263982 127
0.013843719 128
0.014650601 129
0.014450687 130
0.01454327 131
0.014176316 132
0.014679986 133
0.0143367965 134
0.014261449 135
0.014465138 136
0.014290971 137
0.014327003 138
0.014013598 139
0.014475157 140
0.01468802 141
0.014558024 142
0.013932732 143
0.015131345 144
0.014511958 145
0.014000262 146
0.014498771 147
0.01439923 148
0.014756348 149
0.014511405 150
0.014088905 151
0.0135028055 152
0.014739187 153
0.01414965 154
0.014990421 155
0.014410675 156
0.013904045 157
0.014954736 158
0.014386134 159
0.013865204 160
0.013414037 161
0.014095978 162
0.0148708895 163
0.014825072 164
0.014147744 165
0.014751458 166
0.013596833 167
0.014261917 168
0.013911092 169
0.01378933 170
0.012864558 171
0.013190069 172
0.013768204 173
0.014889569 174
0.013501218 175
0.013357402 176
0.013343549 177
0.013604618 178
0.012979447 179
0.0133036515 180
0.013801216 181
0.01397504 182
0.012961407 183
0.013764905 184
0.012799403 185
0.013683194 186
0.013391937 187
0.012841746 188
0.0131562995 189
0.013072743 190
0.012700577 191
0.012439978 192
0.012998202 193
0.01227159 194
0.01234239 195
0.01206463 196
0.012567408 197
0.012220065 198
0.011798205 199
0.0123995 200
0.012552126 201
0.012138036 202
0.011989104 203
0.01079146 204
0.011645263 205
0.01238092 206
0.011636344 207
0.0134487385 208
0.0120532205 209
0.012170891 210
0.012867535 211
0.012113267 212
0.012262333 213
0.011360811 214
0.01185782 215
0.011273963 216
0.011267834 217
0.011863673 218
0.012333934 219
0.011311938 220
0.011473338 221
0.011283757 222
0.010828557 223
0.011847916 224
0.011827834 225
0.010871952 226
0.011758978 227
0.010774135 228
0.010545932 229
0.011042969 230
0.012209048 231
0.010882802 232
0.011601594 233
0.011177489 234
0.01164938 235
0.011277489 236
0.012458357 237
0.01117571 238
0.011903615 239
0.010305837 240
0.010792846 241
0.011232214 242
0.011975145 243
0.011251683 244
0.011359797 245
0.010534479 246
0.01165623 247
0.01144981 248
0.010231212 249
0.011447151 250
0.011798895 251
0.011036754 252
0.011348143 253
0.010903863 254
0.010153386 255
0.010954945 256
0.01124103 257
0.010168673 258
0.010614316 259
0.011217547 260
0.011873218 261
0.01069444 262
0.0118010985 263
0.011454686 264
0.010807019 265
0.01129347 266
0.010175976 267
0.0107591 268
0.0107049355 269
0.011845748 270
0.009878558 271
0.010779839 272
0.010701693 273
0.011865717 274
0.010142151 275
0.011823184 276
0.0093829995 277
0.010763473 278
0.010970541 279
0.010411876 280
0.010880924 281
0.011189529 282
0.010606114 283
0.010779522 284
0.010196807 285
0.010614236 286
0.011113569 287
0.010268283 288
0.009538832 289
0.010282847 290
0.010383004 291
0.010976062 292
0.010110117 293
0.009390992 294
0.010163229 295
0.009464764 296
0.010673197 297
0.01115767 298
0.01063969 299
0.010559745 300
0.011655238 301
0.010576418 302
0.009704162 303
0.009261673 304
0.010479618 305
0.010841991 306
0.010420961 307
0.010063123 308
0.00958432 309
0.00931121 310
0.009582473 311
0.010145959 312
0.010556479 313
0.010054752 314
0.011083847 315
0.0098129315 316
0.010100476 317
0.011112017 318
0.0102226585 319
0.011451999 320
0.0099661425 321
0.009128424 322
0.010083838 323
0.009025367 324
0.010291307 325
0.009593617 326
0.0092697535 327
0.009810795 328
0.009774851 329
0.010025189 330
0.009763522 331
0.009835647 332
0.009665039 333
0.010333486 334
0.009199447 335
0.009253499 336
0.01018797 337
0.009683683 338
0.010020285 339
0.009963975 340
0.008883988 341
0.01065928 342
0.010572136 343
0.010091633 344
0.009556993 345
0.009108685 346
0.010148115 347
0.009096621 348
0.010221359 349
0.010306469 350
0.012170537 351
0.008798727 352
0.009412338 353
0.009491464 354
0.00859774 355
0.008899134 356
0.008630444 357
0.009747378 358
0.010211849 359
0.010277699 360
0.008991477 361
0.010200518 362
0.009601563 363
0.008765409 364
0.00908429 365
0.00960595 366
0.009090556 367
0.009304527 368
0.009034867 369
0.009112024 370
0.008807453 371
0.009268434 372
0.008995514 373
0.008862878 374
0.008567185 375
0.009105926 376
0.009583062 377
0.008894737 378
0.009381713 379
0.008328271 380
0.0085463235 381
0.008895399 382
0.009007609 383
0.008433293 384
0.009332648 385
0.008206103 386
0.008333261 387
0.008786881 388
0.007932341 389
0.008185558 390
0.009238932 391
0.009308083 392
0.009128095 393
0.00942215 394
0.008535644 395
0.00821179 396
0.008791761 397
0.008410631 398
0.007811861 399
0.008432686 400
0.008929922 401
0.008615292 402
0.008580515 403
0.008244357 404
0.008098804 405
0.009567917 406
0.008984565 407
0.008913023 408
0.007848315 409
0.00852677 410
0.00950425 411
0.008676988 412
0.008258551 413
0.00820118 414
0.008715716 415
0.008176493 416
0.007878813 417
0.0087418975 418
0.008668708 419
0.008211858 420
0.008968601 421
0.008051519 422
0.008272577 423
0.009363046 424
0.0074341856 425
0.008167835 426
0.008735249 427
0.0087870695 428
0.009236273 429
0.008092551 430
0.009095317 431
0.008312559 432
0.009097683 433
0.008648746 434
0.007293815 435
0.007961712 436
0.0083554275 437
0.008062071 438
0.008490813 439
0.008049366 440
0.008296889 441
0.007922339 442
0.008790798 443
0.0072361403 444
0.007835395 445
0.00827081 446
0.008065775 447
0.008311811 448
0.008299147 449
0.008293911 450
0.008464333 451
0.007874862 452
0.0075647244 453
0.00810642 454
0.0078097456 455
0.0078573385 456
0.00911861 457
0.00790624 458
0.008173632 459
0.0072008674 460
0.008914112 461
0.008452918 462
0.008079254 463
0.008321535 464
0.007370595 465
0.0075129173 466
0.008034327 467
0.008292188 468
0.007080207 469
0.008268544 470
0.007458197 471
0.006650468 472
0.0073437598 473
0.008040327 474
0.00793746 475
0.0075386865 476
0.008379576 477
0.008201033 478
0.007556163 479
0.008287868 480
0.007360429 481
0.008528635 482
0.008241094 483
0.007906793 484
0.007051632 485
0.007888708 486
0.007354975 487
0.007227511 488
0.007456768 489
0.008134411 490
0.007033695 491
0.007829639 492
0.008912185 493
0.007485353 494
0.0075732856 495
0.0074563078 496
0.008443225 497
0.007227152 498
0.0073265475 499
0.0074858065 500
0.007028298 501
0.007714919 502
0.007392085 503
0.007485496 504
0.007537283 505
0.007967612 506
0.007581073 507
0.00775999 508
0.0077589694 509
0.0081263585 510
0.007453093 511
0.008725439 512
0.009171281 513
0.008067893 514
0.008062748 515
0.007896906 516
0.0073688263 517
0.00797638 518
0.008296278 519
0.0077582593 520
0.0073498236 521
0.007850198 522
0.007620368 523
0.007809467 524
0.007304822 525
0.00746753 526
0.0070565618 527
0.007825158 528
0.008310449 529
0.008433421 530
0.0074798213 531
0.007449319 532
0.0073340577 533
0.0069537074 534
0.0077850986 535
0.009174227 536
0.007689773 537
0.007321164 538
0.0069490806 539
0.007203699 540
0.0067825117 541
0.0071507026 542
0.0076683867 543
0.0075938213 544
0.007558635 545
0.008235721 546
0.0076471833 547
0.007589891 548
0.007154066 549
0.0070510623 550
0.007624567 551
0.007843979 552
0.007672406 553
0.007703115 554
0.008141083 555
0.0074405563 556
0.0073984195 557
0.0070344084 558
0.0077958144 559
0.00787699 560
0.0066358736 561
0.0070428536 562
0.008234747 563
0.0071247313 564
0.0075462083 565
0.007217823 566
0.006626958 567
0.0071254233 568
0.007712438 569
0.0069711325 570
0.007069001 571
0.007686293 572
0.0067994026 573
0.0063297213 574
0.0070154658 575
0.0077076918 576
0.0060753715 577
0.0075195176 578
0.0077667385 579
0.007112648 580
0.006897909 581
0.00654479 582
0.0075234645 583
0.007717161 584
0.007330527 585
0.00698284 586
0.0065557696 587
0.0075426945 588
0.0067882203 589
0.0068018925 590
0.008041361 591
0.006866196 592
0.0074800444 593
0.007466613 594
0.0074875774 595
0.007523198 596
0.006590138 597
0.0072474587 598
0.006677507 599
0.0071901088 600
0.0067850645 601
0.0073890286 602
0.0069044386 603
0.007112576 604
0.007191134 605
0.0065104347 606
0.0062707406 607
0.0072044474 608
0.0068127117 609
0.0066356617 610
0.0067802975 611
0.0067214933 612
0.0068959603 613
0.0066015124 614
0.0067353724 615
0.0069779223 616
0.006191264 617
0.005947167 618
0.006434143 619
0.0066832406 620
0.006968393 621
0.00691067 622
0.006466998 623
0.006701134 624
0.006850255 625
0.005797018 626
0.0063589034 627
0.0079917135 628
0.006691379 629
0.0072620087 630
0.007758826 631
0.0060247933 632
0.00729522 633
0.007087814 634
0.0068179453 635
0.0063684825 636
0.0064226175 637
0.0073496234 638
0.0059452737 639
0.0068697375 640
0.007402787 641
0.006297672 642
0.0059081228 643
0.0077470564 644
0.0070680957 645
0.006614839 646
0.0062779672 647
0.0064088753 648
0.006381239 649
0.007003095 650
0.0060165394 651
0.0064451867 652
0.006864955 653
0.0064758477 654
0.0076784873 655
0.0065634744 656
0.0066736694 657
0.0072451495 658
0.0062792585 659
0.0071334452 660
0.0069473856 661
0.0063399877 662
0.0070183035 663
0.0061453953 664
0.0069060316 665
0.0062224125 666
0.0069591654 667
0.006289473 668
0.0068471814 669
0.0060480405 670
0.0066182353 671
0.0063027125 672
0.006127834 673
0.0060487743 674
0.0072265724 675
0.0073493957 676
0.0073139993 677
0.0067497552 678
0.0059496635 679
0.006088437 680
0.0057405466 681
0.005567902 682
0.0058294786 683
0.006477251 684
0.006908379 685
0.0067456397 686
0.0068341317 687
0.005847146 688
0.0061855665 689
0.0065948046 690
0.0066008023 691
0.006544976 692
0.0056709186 693
0.00643491 694
0.0068798093 695
0.0058366475 696
0.0054635517 697
0.006584508 698
0.0059091067 699
0.0061635515 700
0.0063747456 701
0.0074992506 702
0.0060283598 703
0.0072281035 704
0.006471829 705
0.0060941596 706
0.005748707 707
0.0058212164 708
0.0061588907 709
0.006303122 710
0.005828525 711
0.0068957605 712
0.007311624 713
0.007221983 714
0.006205852 715
0.005986983 716
0.0059513245 717
0.006825314 718
0.0057871426 719
0.005934819 720
0.0059350682 721
0.0056206295 722
0.00670607 723
0.006702397 724
0.00718478 725
0.0065904404 726
0.0060981293 727
0.007188222 728
0.00565013 729
0.005706249 730
0.006101339 731
0.006145885 732
0.0060727685 733
0.0059119286 734
0.0060403952 735
0.0057780324 736
0.0063370573 737
0.0057838834 738
0.0057968074 739
0.006157918 740
0.0056732097 741
0.0058478583 742
0.006319614 743
0.00680117 744
0.005447908 745
0.0073089823 746
0.006239001 747
0.005859216 748
0.0058828318 749
0.0058564455 750
0.0058703977 751
0.0060052 752
0.0058084857 753
0.0057809814 754
0.0062373653 755
0.0066678524 756
0.006653915 757
0.0063499087 758
0.0061180987 759
0.006879088 760
0.0060283323 761
0.007078196 762
0.0057978258 763
0.005663646 764
0.005683753 765
0.0061840448 766
0.0049540033 767
0.006657086 768
0.0058419323 769
0.006094441 770
0.0053288746 771
0.0061900904 772
0.0061812107 773
0.0063935705 774
0.005722579 775
0.0067929593 776
0.005476273 777
0.005247018 778
0.005771662 779
0.0053171446 780
0.0060221483 781
0.006160461 782
0.0058849924 783
0.005547811 784
0.0060012154 785
0.005523677 786
0.0054051536 787
0.005917324 788
0.006061979 789
0.005306384 790
0.006613508 791
0.0056136013 792
0.0061226636 793
0.006904997 794
0.0053800517 795
0.0053563127 796
0.005087117 797
0.0057175066 798
0.005484378 799
0.005888088 800
0.00639626 801
0.0062142904 802
0.005317143 803
0.0057706013 804
0.0062320684 805
0.0058744163 806
0.0052025025 807
0.0059095295 808
0.0062660766 809
0.0057331147 810
0.006061598 811
0.006027005 812
0.006430069 813
0.005362654 814
0.0051159686 815
0.0054130657 816
0.005098648 817
0.005229796 818
0.0058317124 819
0.0064825546 820
0.0055839675 821
0.005624785 822
0.0057559726 823
0.005535271 824
0.0052356957 825
0.005484763 826
0.004812189 827
0.004548508 828
0.005702053 829
0.0051106974 830
0.005768805 831
0.005621586 832
0.005566993 833
0.00573938 834
0.0061391667 835
0.005417668 836
0.0048071453 837
0.0052012713 838
0.0048795138 839
0.005745118 840
0.00548762 841
0.00491267 842
0.005492557 843
0.0054837344 844
0.005592863 845
0.0059288708 846
0.005387297 847
0.004851773 848
0.005783625 849
0.0047405898 850
0.0051117507 851
0.0048975875 852
0.005373169 853
0.005319044 854
0.005104533 855
0.004862795 856
0.005032511 857
0.0054341354 858
0.005483745 859
0.00595208 860
0.0049145264 861
0.005892436 862
0.0049243337 863
0.004552795 864
0.0053057414 865
0.004982818 866
0.005831582 867
0.004927174 868
0.005441322 869
0.005091181 870
0.005706073 871
0.0056564747 872
0.004831655 873
0.0055015665 874
0.004691436 875
0.0047955476 876
0.005077013 877
0.005396178 878
0.005115483 879
0.0050613573 880
0.004903716 881
0.0046812342 882
0.005283621 883
0.004680497 884
0.005435606 885
0.0057387133 886
0.0048483554 887
0.0060691796 888
0.004998472 889
0.005144771 890
0.005334697 891
0.004941454 892
0.0051058945 893
0.005314586 894
0.005705051 895
0.0053968397 896
0.0051144827 897
0.0051453374 898
0.0049793897 899
0.005379736 900
0.005542701 901
0.005448409 902
0.0049358127 903
0.0053839358 904
0.005173019 905
0.0052028014 906
0.0051629967 907
0.00512341 908
0.0054572364 909
0.005756945 910
0.005334971 911
0.004609549 912
0.005019169 913
0.0048926184 914
0.004812213 915
0.0042425958 916
0.0056406897 917
0.0055259783 918
0.004882332 919
0.0044482183 920
0.0045406553 921
0.004926712 922
0.0053208 923
0.0051351134 924
0.0042998297 925
0.0049303127 926
0.0050750747 927
0.005609982 928
0.0046788133 929
0.004789217 930
0.0048088077 931
0.005068947 932
0.004618714 933
0.0049833697 934
0.0045503723 935
0.005285016 936
0.004496905 937
0.004895506 938
0.004888051 939
0.0050938646 940
0.005072812 941
0.004493848 942
0.004374826 943
0.004870971 944
0.0046578217 945
0.004499222 946
0.00538699 947
0.0045306175 948
0.0049560945 949
0.0042318767 950
0.0050198366 951
0.004548454 952
0.005183298 953
0.004447996 954
0.0042261565 955
0.004555728 956
0.004836519 957
0.004693942 958
0.0045792493 959
0.0045096534 960
0.0051300973 961
0.0052126283 962
0.0050010025 963
0.004221045 964
0.0051553324 965
0.0043891314 966
0.0044312826 967
0.0048135114 968
0.00453474 969
0.00503775 970
0.0045523504 971
0.0045581316 972
0.0041595027 973
0.0053817476 974
0.0042663976 975
0.004021761 976
0.0049665854 977
0.0046535134 978
0.0052977228 979
0.005068603 980
0.0043771393 981
0.0047303303 982
0.004692527 983
0.0045252885 984
0.0044862553 985
0.0051127784 986
0.0042130426 987
0.004243602 988
0.005003451 989
0.004755535 990
0.0044121095 991
0.004570799 992
0.00445897 993
0.004306262 994
0.004784771 995
0.004777029 996
0.004882717 997
0.0048010037 998
0.004566222 999
0.00419953 1000
0.0054285326 1001
0.004454758 1002
0.0046589286 1003
0.004401047 1004
0.0048352303 1005
0.004004775 1006
0.004423099 1007
0.0044312365 1008
0.004170943 1009
0.004316854 1010
0.0044671022 1011
0.0043444275 1012
0.004678262 1013
0.0045292326 1014
0.0046367063 1015
0.004390702 1016
0.004570938 1017
0.0042617116 1018
0.0040789824 1019
0.00353094 1020
0.0039512073 1021
0.00450636 1022
0.004088995 1023
0.004114945 1024
0.0039438913 1025
0.004053472 1026
0.0046437467 1027
0.0040990673 1028
0.004304959 1029
0.0045175077 1030
0.004400716 1031
0.0039389255 1032
0.003801194 1033
0.00389459 1034
0.0040010447 1035
0.0045273756 1036
0.0039946185 1037
0.0037565823 1038
0.0045759245 1039
0.0042565586 1040
0.0052416525 1041
0.004401002 1042
0.0038401147 1043
0.0041732197 1044
0.004350497 1045
0.004005323 1046
0.004388909 1047
0.0040692836 1048
0.0046696975 1049
0.00387003 1050
0.004572751 1051
0.0040460043 1052
0.004431542 1053
0.00419838 1054
0.0039792587 1055
0.0041453596 1056
0.0042101364 1057
0.004173013 1058
0.004286167 1059
0.0039214976 1060
0.004182862 1061
0.004331641 1062
0.0035584613 1063
0.0042939195 1064
0.003927027 1065
0.0034648075 1066
0.0048869234 1067
0.0035709227 1068
0.004125484 1069
0.004836417 1070
0.0041431673 1071
0.0040886835 1072
0.0039412915 1073
0.0039704535 1074
0.004341294 1075
0.0038834615 1076
0.0038698968 1077
0.004294276 1078
0.0048614065 1079
0.004240255 1080
0.004238529 1081
0.004347177 1082
0.0037389363 1083
0.004410459 1084
0.0040573375 1085
0.004419456 1086
0.0044886274 1087
0.004153442 1088
0.003997249 1089
0.00423759 1090
0.0039911964 1091
0.0043921396 1092
0.004002423 1093
0.0038011002 1094
0.0040475805 1095
0.0040381597 1096
0.0036415365 1097
0.003741691 1098
0.0042736414 1099
0.0036496932 1100
0.0035556827 1101
0.0035958851 1102
0.0039847614 1103
0.0044297455 1104
0.0036167079 1105
0.004403912 1106
0.0036542078 1107
0.0037566568 1108
0.004340607 1109
0.0039024854 1110
0.0042301095 1111
0.0037878905 1112
0.004388203 1113
0.0035206897 1114
0.003542183 1115
0.003926026 1116
0.003974806 1117
0.0035787493 1118
0.0036115397 1119
0.004223172 1120
0.0037430988 1121
0.0038391687 1122
0.0037338252 1123
0.00316073 1124
0.0037281315 1125
0.003725507 1126
0.0037685975 1127
0.003522108 1128
0.0032046428 1129
0.0037578058 1130
0.0035032749 1131
0.0034071147 1132
0.0036570297 1133
0.003972519 1134
0.0038548696 1135
0.003440935 1136
0.0035167008 1137
0.0034278836 1138
0.0032118657 1139
0.0037604854 1140
0.0037839182 1141
0.0034153236 1142
0.0031965626 1143
0.0036502655 1144
0.003025656 1145
0.0036222762 1146
0.0038076842 1147
0.0035326977 1148
0.0031858212 1149
0.0035210128 1150
0.0033302987 1151
0.003429419 1152
0.0037754385 1153
0.0035675124 1154
0.0036852623 1155
0.0034686404 1156
0.0032676877 1157
0.0030776248 1158
0.0038487825 1159
0.0029919015 1160
0.0033421456 1161
0.0033509333 1162
0.0034263537 1163
0.0033573853 1164
0.0034519895 1165
0.0034357626 1166
0.0033717183 1167
0.0030063975 1168
0.003949646 1169
0.0031851993 1170
0.003429138 1171
0.0033693677 1172
0.0037001378 1173
0.003672339 1174
0.003577276 1175
0.0030836049 1176
0.0031130086 1177
0.0031324516 1178
0.0035396353 1179
0.0029227063 1180
0.0038502575 1181
0.0029439204 1182
0.0033490253 1183
0.0028852979 1184
0.003839436 1185
0.0028962507 1186
0.0031864538 1187
0.0031683363 1188
0.002951785 1189
0.0033662848 1190
0.0030113459 1191
0.0031582613 1192
0.0032563435 1193
0.003577517 1194
0.0037155983 1195
0.0035326255 1196
0.0033765158 1197
0.003775528 1198
0.0035209348 1199
0.003235285 1200
0.002688224 1201
0.0031656777 1202
0.0031626846 1203
0.0030383826 1204
0.0032404386 1205
0.003293496 1206
0.0033024345 1207
0.0031714318 1208
0.0031007912 1209
0.0033673511 1210
0.0031099003 1211
0.0035440868 1212
0.0032243486 1213
0.003356347 1214
0.0036377024 1215
0.0032999264 1216
0.0032351576 1217
0.003203135 1218
0.0029994156 1219
0.0033270856 1220
0.003252214 1221
0.0032425318 1222
0.0031194878 1223
0.0034855963 1224
0.003034553 1225
0.0035135515 1226
0.0026813827 1227
0.003383344 1228
0.0030905702 1229
0.0036932568 1230
0.0031481842 1231
0.0037174416 1232
0.003411944 1233
0.002857097 1234
0.0037389162 1235
0.0031268816 1236
0.003391694 1237
0.0033443668 1238
0.003600378 1239
0.0032353974 1240
0.0032104056 1241
0.0032285517 1242
0.0035561551 1243
0.0032064272 1244
0.0029816716 1245
0.0030372052 1246
0.003022154 1247
0.003337031 1248
0.0030011316 1249
0.0030445077 1250
0.003505469 1251
0.0035265689 1252
0.0028427972 1253
0.002846067 1254
0.003181456 1255
0.0033781417 1256
0.0031340504 1257
0.0033358755 1258
0.0030012245 1259
0.0031713846 1260
0.0033729747 1261
0.0030701475 1262
0.0030897346 1263
0.0029766439 1264
0.003025239 1265
0.00282416 1266
0.0032154743 1267
0.0030654357 1268
0.0029421733 1269
0.0036895648 1270
0.0026646494 1271
0.0030458628 1272
0.003292029 1273
0.0030370061 1274
0.0029129046 1275
0.0032375206 1276
0.0030052632 1277
0.003135157 1278
0.0029767384 1279
0.0031825209 1280
0.0026851806 1281
0.003401162 1282
0.0030719838 1283
0.0031822552 1284
0.0026075921 1285
0.0031015784 1286
0.0027451194 1287
0.0030823436 1288
0.0029392021 1289
0.003100784 1290
0.0032661222 1291
0.0026050461 1292
0.0031835816 1293
0.0028504534 1294
0.0027326508 1295
0.0027882431 1296
0.0028880003 1297
0.0031126067 1298
0.0027903784 1299
0.002690434 1300
0.003088492 1301
0.0032394612 1302
0.003179105 1303
0.002749997 1304
0.002831217 1305
0.0030112537 1306
0.0032944463 1307
0.002988148 1308
0.0032108678 1309
0.0028256094 1310
0.002934898 1311
0.0028890076 1312
0.0029463314 1313
0.0029882835 1314
0.002960788 1315
0.002954588 1316
0.0028760459 1317
0.0028511835 1318
0.0027345938 1319
0.0032795845 1320
0.0031847754 1321
0.002753676 1322
0.0030290731 1323
0.0030727163 1324
0.0027366837 1325
0.0027211485 1326
0.0026226614 1327
0.0026785214 1328
0.003137714 1329
0.002669598 1330
0.002451515 1331
0.0027905547 1332
0.002702298 1333
0.003110435 1334
0.0030936238 1335
0.0028604162 1336
0.0030726274 1337
0.0028651194 1338
0.0028321876 1339
0.0029723325 1340
0.0032095704 1341
0.0026106732 1342
0.0026261162 1343
0.0027062253 1344
0.0030234107 1345
0.002715646 1346
0.0030318017 1347
0.0027437042 1348
0.0028951466 1349
0.0027672984 1350
0.0023657703 1351
0.002717955 1352
0.0025222446 1353
0.0029904186 1354
0.003167294 1355
0.0031508277 1356
0.0024375462 1357
0.002661872 1358
0.002958264 1359
0.0027441815 1360
0.0029686603 1361
0.002800942 1362
0.003006901 1363
0.0029958996 1364
0.0030744884 1365
0.0027452523 1366
0.0026080331 1367
0.0026230619 1368
0.0028971226 1369
0.0031360807 1370
0.0027223493 1371
0.0026126017 1372
0.0029875115 1373
0.002752333 1374
0.0027244738 1375
0.002410063 1376
0.0029803328 1377
0.0028313377 1378
0.002560054 1379
0.0027547807 1380
0.0025683746 1381
0.0024752952 1382
0.0027195588 1383
0.0027404395 1384
0.002938608 1385
0.0024936032 1386
0.002341456 1387
0.002615158 1388
0.0027967028 1389
0.002512946 1390
0.0026944987 1391
0.0027219655 1392
0.0026825112 1393
0.0026345428 1394
0.0026069481 1395
0.0028907503 1396
0.0027615742 1397
0.0026905076 1398
0.0027389629 1399
0.0025633366 1400
0.0029921154 1401
0.0027468815 1402
0.0022238183 1403
0.002589506 1404
0.0029368254 1405
0.0024437038 1406
0.0025122825 1407
0.002503982 1408
0.0023743669 1409
0.0024983678 1410
0.002528662 1411
0.0026479408 1412
0.002820846 1413
0.0022545538 1414
0.0026563667 1415
0.0024342916 1416
0.002559839 1417
0.0025276805 1418
0.0024849465 1419
0.0026904303 1420
0.002315841 1421
0.0029515696 1422
0.0023044362 1423
0.0027995477 1424
0.0027618702 1425
0.002424856 1426
0.0026546568 1427
0.0024881356 1428
0.0025280844 1429
0.0024878678 1430
0.0027060986 1431
0.0029910142 1432
0.0029870146 1433
0.0023167997 1434
0.002499301 1435
0.002418999 1436
0.0026571306 1437
0.0027546105 1438
0.0027648392 1439
0.0024984688 1440
0.0027629442 1441
0.0025282982 1442
0.0024871833 1443
0.0027039659 1444
0.002175819 1445
0.002813057 1446
0.0026253443 1447
0.0026865304 1448
0.0022969313 1449
0.0024316814 1450
0.0023282948 1451
0.0025005117 1452
0.0025154012 1453
0.0027133436 1454
0.0023255786 1455
0.0027308902 1456
0.0026483033 1457
0.0025967022 1458
0.0026558263 1459
0.0023615214 1460
0.0026427533 1461
0.0024731292 1462
0.0025738555 1463
0.0027738416 1464
0.0024719299 1465
0.002373911 1466
0.002218169 1467
0.0025009238 1468
0.0026125878 1469
0.0025639883 1470
0.0027919994 1471
0.002567673 1472
0.0025611648 1473
0.0027168263 1474
0.0026269567 1475
0.0026095973 1476
0.0025962489 1477
0.0024057569 1478
0.0022420147 1479
0.002257796 1480
0.0023192365 1481
0.0023379151 1482
0.0025856893 1483
0.0024987787 1484
0.0024810676 1485
0.0023816794 1486
0.0023650043 1487
0.002573143 1488
0.0023133296 1489
0.0024534161 1490
0.0022348657 1491
0.0026306994 1492
0.002801191 1493
0.0029454783 1494
0.002757952 1495
0.002239106 1496
0.0025246784 1497
0.0023791445 1498
0.002594248 1499
0.0021098438 1500
0.00254704 1501
0.0025107034 1502
0.0025479805 1503
0.0025324617 1504
0.0025803864 1505
0.0026586636 1506
0.002265005 1507
0.002666698 1508
0.00239098 1509
0.0028306458 1510
0.0024978835 1511
0.002380864 1512
0.0024145017 1513
0.0024068502 1514
0.002301997 1515
0.0024824084 1516
0.003102679 1517
0.0026478895 1518
0.0023877372 1519
0.0024216392 1520
0.002657039 1521
0.0024935629 1522
0.0023736502 1523
0.0027745303 1524
0.002185771 1525
0.0027385165 1526
0.0023661798 1527
0.002696452 1528
0.0023648576 1529
0.0025481689 1530
0.0024597496 1531
0.0024939317 1532
0.0023195732 1533
0.002592072 1534
0.0026513415 1535
0.0021746303 1536
0.0025889715 1537
0.0021717383 1538
0.002595243 1539
0.0025050968 1540
0.0025855475 1541
0.0024176515 1542
0.0022806118 1543
0.0025498162 1544
0.0025047832 1545
0.0028412237 1546
0.0025801593 1547
0.0021443302 1548
0.002496975 1549
0.0023239483 1550
0.002335201 1551
0.0024548634 1552
0.002394758 1553
0.002144127 1554
0.00236842 1555
0.0027037559 1556
0.0021082489 1557
0.002238987 1558
0.0025316637 1559
0.0022148702 1560
0.0025162296 1561
0.002225841 1562
0.0025555925 1563
0.0025151207 1564
0.0024368884 1565
0.0024266841 1566
0.002437517 1567
0.0027157622 1568
0.0024891365 1569
0.0025000991 1570
0.00286385 1571
0.0022442178 1572
0.002117677 1573
0.0023193543 1574
0.0025146953 1575
0.0023664632 1576
0.002151432 1577
0.0025290374 1578
0.0026046748 1579
0.0022989016 1580
0.0027263483 1581
0.0022556903 1582
0.0023399042 1583
0.0022859762 1584
0.0023559541 1585
0.002541383 1586
0.0022196367 1587
0.0025298519 1588
0.0023761354 1589
0.0021768378 1590
0.0021822613 1591
0.0022900074 1592
0.0020205919 1593
0.0023850377 1594
0.0022118713 1595
0.0023919037 1596
0.0020350413 1597
0.0023449587 1598
0.0021899303 1599
0.0020543728 1600
0.002227766 1601
0.0023301374 1602
0.0022484628 1603
0.0027011998 1604
0.002241977 1605
0.0020266497 1606
0.0021771109 1607
0.0022594845 1608
0.0021937971 1609
0.0024120694 1610
0.0024966677 1611
0.0024052158 1612
0.002483457 1613
0.0021897478 1614
0.0022217385 1615
0.0024232198 1616
0.0026481692 1617
0.002559271 1618
0.0024321587 1619
0.0023286548 1620
0.0021773553 1621
0.0020943673 1622
0.002265642 1623
0.0022349772 1624
0.0020181846 1625
0.0022677048 1626
0.0022353015 1627
0.0023164195 1628
0.0020137175 1629
0.002185049 1630
0.0023586648 1631
0.0020055426 1632
0.0021991085 1633
0.0019905558 1634
0.0019249705 1635
0.0023198763 1636
0.002286463 1637
0.0021034714 1638
0.0020080728 1639
0.002238001 1640
0.0023464723 1641
0.0021285585 1642
0.0020168726 1643
0.002113551 1644
0.0022008512 1645
0.0025059036 1646
0.0022255129 1647
0.002295443 1648
0.0020132775 1649
0.0023234757 1650
0.0027013952 1651
0.002251474 1652
0.0020457164 1653
0.0021776212 1654
0.0021784594 1655
0.0019931907 1656
0.0022857992 1657
0.002312965 1658
0.0021853014 1659
0.0020146766 1660
0.002062466 1661
0.0019247902 1662
0.0022342196 1663
0.0021589752 1664
0.002329999 1665
0.0024408794 1666
0.002250331 1667
0.0018446003 1668
0.0021015801 1669
0.0023448148 1670
0.0019994746 1671
0.0023130265 1672
0.0024371373 1673
0.0018584218 1674
0.0021134876 1675
0.0022317357 1676
0.0021944162 1677
0.002034357 1678
0.0020486072 1679
0.0022409903 1680
0.0021481272 1681
0.0021214103 1682
0.0018220176 1683
0.0020864974 1684
0.002089871 1685
0.002072849 1686
0.0021439819 1687
0.0020070325 1688
0.002059679 1689
0.0023320143 1690
0.002074877 1691
0.0018796048 1692
0.001969691 1693
0.002363557 1694
0.0023284715 1695
0.002273232 1696
0.0024407904 1697
0.0020250888 1698
0.0024606318 1699
0.0022245103 1700
0.0019605055 1701
0.0019165253 1702
0.002279652 1703
0.002234641 1704
0.0020234024 1705
0.0022710261 1706
0.0023096073 1707
0.002139235 1708
0.0017959806 1709
0.001924698 1710
0.0019425068 1711
0.0022840947 1712
0.0020988574 1713
0.0018074781 1714
0.0021081497 1715
0.0019012906 1716
0.0017631776 1717
0.0020396234 1718
0.00197049 1719
0.0021059688 1720
0.0018634872 1721
0.0026044608 1722
0.0019978082 1723
0.0022092848 1724
0.0019516636 1725
0.0020805039 1726
0.0020910744 1727
0.0019987868 1728
0.0021024458 1729
0.0017893553 1730
0.0020804985 1731
0.0018799127 1732
0.0020973957 1733
0.0020833374 1734
0.0016726431 1735
0.0018664291 1736
0.0019796873 1737
0.0022325043 1738
0.0019614059 1739
0.0020010977 1740
0.0018265863 1741
0.0019954792 1742
0.0018783857 1743
0.001957244 1744
0.0021355592 1745
0.00216877 1746
0.0018538923 1747
0.0020540727 1748
0.00191287 1749
0.0019452281 1750
0.0019297098 1751
0.0019041809 1752
0.0020593347 1753
0.002038566 1754
0.0019673076 1755
0.0020770906 1756
0.0022147067 1757
0.001883336 1758
0.002107938 1759
0.0021381646 1760
0.0020376693 1761
0.0020015645 1762
0.0021748065 1763
0.0019802847 1764
0.0020474123 1765
0.0020885407 1766
0.0018428516 1767
0.001961768 1768
0.0019319468 1769
0.002145496 1770
0.002185957 1771
0.0019679158 1772
0.0022111598 1773
0.0022276654 1774
0.0018434057 1775
0.0019115931 1776
0.0020879481 1777
0.0019859562 1778
0.0020272208 1779
0.0021936172 1780
0.0017844548 1781
0.0018954093 1782
0.0017549321 1783
0.001837297 1784
0.0019072883 1785
0.0021101157 1786
0.0018689544 1787
0.0018528214 1788
0.002399212 1789
0.0020003761 1790
0.002215119 1791
0.0018898534 1792
0.0020653824 1793
0.0018718233 1794
0.0021164264 1795
0.0021340575 1796
0.0019191529 1797
0.002036928 1798
0.0017943617 1799
0.002011118 1800
0.0021568693 1801
0.001915282 1802
0.0020246566 1803
0.0019265653 1804
0.0020030087 1805
0.0018845809 1806
0.0018964569 1807
0.0019801436 1808
0.0016560617 1809
0.0018347872 1810
0.0020551258 1811
0.0019072272 1812
0.0018356168 1813
0.0020209176 1814
0.0019245876 1815
0.0020459837 1816
0.0017701613 1817
0.0019101544 1818
0.0018410573 1819
0.0018153654 1820
0.0017647143 1821
0.0019031195 1822
0.001929597 1823
0.0018569948 1824
0.0019188621 1825
0.0017362492 1826
0.0018283902 1827
0.0017962025 1828
0.0017856146 1829
0.0019102206 1830
0.0018342828 1831
0.0019275844 1832
0.0018973656 1833
0.0018695724 1834
0.001665658 1835
0.0019182701 1836
0.0019193325 1837
0.0018620051 1838
0.0018635641 1839
0.0021667716 1840
0.0019358875 1841
0.0017189813 1842
0.002220641 1843
0.0019673244 1844
0.0016760742 1845
0.0017035479 1846
0.0021357348 1847
0.0018162951 1848
0.0018403416 1849
0.0020600774 1850
0.001816655 1851
0.0020935228 1852
0.0018070886 1853
0.0021986414 1854
0.0018063668 1855
0.0017156007 1856
0.0019513341 1857
0.0017392857 1858
0.0021658875 1859
0.0017714999 1860
0.0021270488 1861
0.0018665263 1862
0.0018620068 1863
0.0018132457 1864
0.0018721918 1865
0.0018549125 1866
0.0017821018 1867
0.002034439 1868
0.0020031047 1869
0.001705285 1870
0.00227434 1871
0.0017923724 1872
0.0017874955 1873
0.0017040757 1874
0.0018298654 1875
0.0015991362 1876
0.0016704865 1877
0.0017352665 1878
0.0019542314 1879
0.0017813636 1880
0.0016980777 1881
0.002078546 1882
0.0019086509 1883
0.0017687507 1884
0.0018062416 1885
0.0017641378 1886
0.0017019132 1887
0.0018154745 1888
0.0016628999 1889
0.0019237314 1890
0.0017260886 1891
0.0020033922 1892
0.001743459 1893
0.0018044014 1894
0.0016452156 1895
0.0017492248 1896
0.0016172911 1897
0.0017706553 1898
0.0017693132 1899
0.0020216727 1900
0.0022270984 1901
0.0017371891 1902
0.0019685873 1903
0.0019971011 1904
0.0017790548 1905
0.0016729819 1906
0.001861071 1907
0.0017243437 1908
0.0016560236 1909
0.0018981487 1910
0.0019331371 1911
0.00195449 1912
0.001767933 1913
0.0018193887 1914
0.001467498 1915
0.0019386467 1916
0.001847842 1917
0.0019435206 1918
0.001926519 1919
0.0017898268 1920
0.0018229912 1921
0.0017051842 1922
0.0019888373 1923
0.0018026389 1924
0.0017116707 1925
0.0017484565 1926
0.0016926441 1927
0.0019611737 1928
0.0016647056 1929
0.0020285386 1930
0.001805707 1931
0.0016516817 1932
0.0017511864 1933
0.0017097557 1934
0.0018491519 1935
0.001804945 1936
0.0016905251 1937
0.001897618 1938
0.0016184304 1939
0.0018125977 1940
0.0020144999 1941
0.0016969062 1942
0.0019234294 1943
0.0021258062 1944
0.0016843381 1945
0.0017453472 1946
0.0017218204 1947
0.0021052575 1948
0.0018410031 1949
0.0019347224 1950
0.0017492571 1951
0.0016923184 1952
0.0016543362 1953
0.0017018657 1954
0.0018073727 1955
0.0018803298 1956
0.001608353 1957
0.0018318343 1958
0.0018657541 1959
0.0020532417 1960
0.0016531384 1961
0.0018309039 1962
0.0018423198 1963
0.0017416748 1964
0.0019424133 1965
0.0017618266 1966
0.0015954814 1967
0.0017916891 1968
0.0017043389 1969
0.001707385 1970
0.0017760518 1971
0.0017730824 1972
0.0016454007 1973
0.001942147 1974
0.0018786687 1975
0.0015959668 1976
0.0017137036 1977
0.00154492 1978
0.0017388344 1979
0.0016166117 1980
0.0019144934 1981
0.0017260475 1982
0.0014991182 1983
0.0017982629 1984
0.0017441069 1985
0.0018280713 1986
0.001738579 1987
0.0020576583 1988
0.0016404518 1989
0.0014984214 1990
0.0017612647 1991
0.0018552328 1992
0.0018973837 1993
0.0016816014 1994
0.0017087162 1995
0.001796234 1996
0.0015365168 1997
0.0016289022 1998
0.0019270831 1999
0.0015547891 2000
0.0017712242 2001
0.0018858691 2002
0.00169357 2003
0.0017125353 2004
0.0015497484 2005
0.0016484977 2006
0.0018930953 2007
0.0017302892 2008
0.0016462536 2009
0.0017968625 2010
0.0016819037 2011
0.0017209557 2012
0.001595178 2013
0.0018252067 2014
0.0015134636 2015
0.0017494351 2016
0.0017016992 2017
0.0015929503 2018
0.0016927569 2019
0.0015848933 2020
0.0016338348 2021
0.0017537168 2022
0.0015865155 2023
0.0016785363 2024
0.0017323836 2025
0.0014062918 2026
0.0017533874 2027
0.0017069108 2028
0.0016547958 2029
0.0017962169 2030
0.0016321228 2031
0.0016023339 2032
0.001593191 2033
0.0017373376 2034
0.001690687 2035
0.0015534466 2036
0.001616726 2037
0.001524779 2038
0.0015660212 2039
0.0014166954 2040
0.0015684866 2041
0.0014925394 2042
0.0017091935 2043
0.0016144097 2044
0.0013757946 2045
0.0016819771 2046
0.0018091365 2047
0.0017647638 2048
0.0016455164 2049
0.0015187335 2050
0.0015193265 2051
0.0017282751 2052
0.001538357 2053
0.0016106184 2054
0.0016696496 2055
0.0016455395 2056
0.0015466919 2057
0.0013880652 2058
0.0014896998 2059
0.0016011068 2060
0.0017410311 2061
0.0016364186 2062
0.0016727454 2063
0.0015849442 2064
0.001733702 2065
0.0015291623 2066
0.0015281424 2067
0.001418674 2068
0.0016447634 2069
0.0014724307 2070
0.001405191 2071
0.0015302643 2072
0.0017022542 2073
0.0016769164 2074
0.0016004799 2075
0.0014913447 2076
0.0016740912 2077
0.0017965266 2078
0.0015015524 2079
0.0014605088 2080
0.001614139 2081
0.0016109174 2082
0.0015471936 2083
0.001523648 2084
0.0014450767 2085
0.0013909788 2086
0.0015098945 2087
0.0014927393 2088
0.001470001 2089
0.0012964861 2090
0.00150826 2091
0.0015270199 2092
0.0014648561 2093
0.0014222119 2094
0.001310478 2095
0.0014938877 2096
0.0015077926 2097
0.001627 2098
0.0014722828 2099
0.0016621657 2100
0.0016848686 2101
0.0015371254 2102
0.0014043642 2103
0.0014117169 2104
0.001519326 2105
0.0014866826 2106
0.0017667761 2107
0.0014994014 2108
0.0015510373 2109
0.001334372 2110
0.0014233893 2111
0.0015568129 2112
0.0013645985 2113
0.00152827 2114
0.0015867994 2115
0.0018402062 2116
0.0017470845 2117
0.0013677045 2118
0.0015878673 2119
0.0015432788 2120
0.0015173446 2121
0.0015599765 2122
0.0015138693 2123
0.0014196021 2124
0.0014696829 2125
0.0016316919 2126
0.0016364707 2127
0.0014488852 2128
0.0013092858 2129
0.0014110282 2130
0.0015255939 2131
0.0014045122 2132
0.0016480525 2133
0.0015271509 2134
0.0014628989 2135
0.0014998001 2136
0.0016065988 2137
0.0014088774 2138
0.001409273 2139
0.0014554119 2140
0.0014172536 2141
0.0012764708 2142
0.0013455432 2143
0.0015431119 2144
0.0014743364 2145
0.0015141747 2146
0.0016209427 2147
0.0013930876 2148
0.0018005951 2149
0.0012900401 2150
0.0015082833 2151
0.0015115427 2152
0.0013973118 2153
0.0015702879 2154
0.001533329 2155
0.0012926335 2156
0.0014999997 2157
0.0014905122 2158
0.0014464272 2159
0.0012624374 2160
0.0015066282 2161
0.001351604 2162
0.0015826636 2163
0.0016860656 2164
0.0015314124 2165
0.0016866444 2166
0.001535146 2167
0.001416557 2168
0.0017108031 2169
0.001522016 2170
0.0017148977 2171
0.0013479253 2172
0.0015729876 2173
0.0014606981 2174
0.0017212329 2175
0.0014309329 2176
0.0014907648 2177
0.0014648068 2178
0.001488078 2179
0.0013935898 2180
0.0015793903 2181
0.0014610752 2182
0.0016016618 2183
0.0015101335 2184
0.0016149657 2185
0.0016546018 2186
0.0015461084 2187
0.0014444452 2188
0.001498629 2189
0.0016302268 2190
0.0016090256 2191
0.0013674785 2192
0.001561312 2193
0.001291764 2194
0.0015453625 2195
0.0014497981 2196
0.0015179196 2197
0.0013240359 2198
0.0013912063 2199
0.001433739 2200
0.0015484471 2201
0.0013210025 2202
0.0013812195 2203
0.0015418661 2204
0.0011326227 2205
0.001620957 2206
0.0013952017 2207
0.001511351 2208
0.0016940811 2209
0.0014100469 2210
0.0013522588 2211
0.0012580799 2212
0.0013179295 2213
0.001406979 2214
0.0015233872 2215
0.0013992836 2216
0.0015195264 2217
0.0014946735 2218
0.0015828598 2219
0.0016215428 2220
0.0013767205 2221
0.0014549932 2222
0.0014113331 2223
0.0017437831 2224
0.0017398117 2225
0.0013711053 2226
0.0014607945 2227
0.0013553642 2228
0.0012288535 2229
0.001542623 2230
0.0013170985 2231
0.0013721221 2232
0.0012701633 2233
0.0013727561 2234
0.0014172565 2235
0.0011985612 2236
0.0014725603 2237
0.0011935636 2238
0.0012563219 2239
0.001403745 2240
0.0013084369 2241
0.0013392965 2242
0.0014472816 2243
0.0013705068 2244
0.0011896711 2245
0.0013877494 2246
0.0015095943 2247
0.0013786188 2248
0.0014205215 2249
0.0013941766 2250
0.0013982278 2251
0.0013399246 2252
0.0015732052 2253
0.001366324 2254
0.0014057287 2255
0.0013739691 2256
0.0014578876 2257
0.0013773731 2258
0.0013354858 2259
0.0012905935 2260
0.0011450909 2261
0.0012584293 2262
0.0012964712 2263
0.001261763 2264
0.0014603364 2265
0.0013371885 2266
0.001235019 2267
0.001297151 2268
0.001322411 2269
0.00131107 2270
0.001375635 2271
0.0015367133 2272
0.001376752 2273
0.0013386068 2274
0.001193303 2275
0.0013498907 2276
0.001270274 2277
0.0012287898 2278
0.0012664283 2279
0.0013334892 2280
0.00139491 2281
0.0015395522 2282
0.0015249038 2283
0.0014905565 2284
0.0013170545 2285
0.0012650674 2286
0.0010896605 2287
0.0013678876 2288
0.0013488547 2289
0.0013790802 2290
0.0012841834 2291
0.0012299446 2292
0.0013646055 2293
0.0013485587 2294
0.0013756187 2295
0.0013374735 2296
0.0013873552 2297
0.0013533649 2298
0.0012266294 2299
0.0012784859 2300
0.0010948207 2301
0.0014677733 2302
0.0011313637 2303
0.0013216343 2304
0.0011881343 2305
0.0014717296 2306
0.001235882 2307
0.0013710791 2308
0.0012676311 2309
0.001281042 2310
0.0012582625 2311
0.0011851692 2312
0.0013111384 2313
0.0011251235 2314
0.0012538143 2315
0.0012126726 2316
0.0011711412 2317
0.0013952269 2318
0.0011982895 2319
0.0010868437 2320
0.0013477236 2321
0.001284694 2322
0.0012391726 2323
0.0014614088 2324
0.0011425463 2325
0.0014881693 2326
0.0011736238 2327
0.001393419 2328
0.0012856997 2329
0.0014261524 2330
0.0014373019 2331
0.0011656386 2332
0.0011586673 2333
0.0011598903 2334
0.0012131097 2335
0.0013092011 2336
0.0010615702 2337
0.001512109 2338
0.0012812328 2339
0.0012273587 2340
0.0012385596 2341
0.0013053252 2342
0.0012032215 2343
0.0010932364 2344
0.0011977718 2345
0.0012782289 2346
0.0013189709 2347
0.0013324327 2348
0.0011159093 2349
0.0012241125 2350
0.0012193982 2351
0.0012484206 2352
0.0011562142 2353
0.0012773182 2354
0.0012455884 2355
0.001167293 2356
0.0013073544 2357
0.0010175073 2358
0.0010936608 2359
0.0010880415 2360
0.0014173322 2361
0.0011505659 2362
0.0012370921 2363
0.0010833177 2364
0.0013430592 2365
0.0012540775 2366
0.0011506792 2367
0.0012373215 2368
0.001302379 2369
0.001183969 2370
0.0012426567 2371
0.0013553646 2372
0.0012606148 2373
0.0012879649 2374
0.0012588686 2375
0.0011548407 2376
0.0011398109 2377
0.0011664077 2378
0.001446781 2379
0.0013400146 2380
0.0012905626 2381
0.001450961 2382
0.0011580876 2383
0.0012889808 2384
0.0011841143 2385
0.0016263134 2386
0.0013476183 2387
0.0013141554 2388
0.0012381659 2389
0.0013160633 2390
0.0012711149 2391
0.0013351669 2392
0.0012301882 2393
0.00139701 2394
0.0014724124 2395
0.0014390938 2396
0.0013209069 2397
0.0015104015 2398
0.0011460624 2399
0.0013523378 2400
0.0012858029 2401
0.0010691582 2402
0.0012454342 2403
0.0011727152 2404
0.001308423 2405
0.0012902084 2406
0.0013404408 2407
0.0010846357 2408
0.0012888588 2409
0.0012770819 2410
0.0012929803 2411
0.0010871945 2412
0.0013198929 2413
0.0011983385 2414
0.0011900055 2415
0.0013945785 2416
0.0010938192 2417
0.0013504629 2418
0.0011881811 2419
0.0011686826 2420
0.0012694901 2421
0.0012623053 2422
0.0011624334 2423
0.0012122627 2424
0.0011128986 2425
0.0010166008 2426
0.0012251156 2427
0.0010729391 2428
0.0012472149 2429
0.0012868352 2430
0.0010154931 2431
0.0011940313 2432
0.0011799859 2433
0.001091562 2434
0.0011519138 2435
0.0011643551 2436
0.0012260657 2437
0.0011959344 2438
0.0011004562 2439
0.0010907596 2440
0.0011725947 2441
0.0012101635 2442
0.0011059203 2443
0.0011376746 2444
0.0011258718 2445
0.0011078988 2446
0.0010126772 2447
0.0011668331 2448
0.0011169584 2449
0.0011896717 2450
0.0013215437 2451
0.0011978148 2452
0.0010987361 2453
0.0010844204 2454
0.0012619391 2455
0.0009970648 2456
0.0011419515 2457
0.0012408589 2458
0.0011674212 2459
0.0010752245 2460
0.0010991517 2461
0.0011600123 2462
0.0011192984 2463
0.0010505371 2464
0.0011009369 2465
0.0011657135 2466
0.0012280446 2467
0.0011243318 2468
0.001149549 2469
0.0011305358 2470
0.0011171671 2471
0.0011685669 2472
0.0010546504 2473
0.0011713579 2474
0.0010495929 2475
0.0011128788 2476
0.001135909 2477
0.0009687202 2478
0.00091098284 2479
0.0010563899 2480
0.0012309651 2481
0.0012588287 2482
0.0011126788 2483
0.0012950854 2484
0.0011441122 2485
0.0012978384 2486
0.0012386541 2487
0.0009933345 2488
0.0011367871 2489
0.0009820197 2490
0.0010049439 2491
0.0011627919 2492
0.0011869398 2493
0.0012231965 2494
0.0010830471 2495
0.0012577914 2496
0.0011804308 2497
0.0011498518 2498
0.0012580839 2499
0.0010587685 2500
0.00123614 2501
0.001074504 2502
0.0011636955 2503
0.001256262 2504
0.0011585979 2505
0.0013339778 2506
0.0011899049 2507
0.0012332542 2508
0.001123571 2509
0.0011689126 2510
0.0009981691 2511
0.0009583737 2512
0.0012206733 2513
0.0011429251 2514
0.0011739496 2515
0.0011992832 2516
0.0009881058 2517
0.0010126773 2518
0.001198306 2519
0.0010844495 2520
0.0010991632 2521
0.0010522214 2522
0.0011254401 2523
0.0012786444 2524
0.0012644449 2525
0.0011710491 2526
0.0013556666 2527
0.0010514851 2528
0.0011332096 2529
0.0011345187 2530
0.0012280421 2531
0.001131709 2532
0.0010254963 2533
0.0010940963 2534
0.0010699056 2535
0.0013165257 2536
0.0010478194 2537
0.0011740112 2538
0.0010661767 2539
0.0012807422 2540
0.0010160543 2541
0.0011223797 2542
0.0010345777 2543
0.0011074503 2544
0.0011257171 2545
0.001288979 2546
0.0012279392 2547
0.001425388 2548
0.0011441074 2549
0.001016741 2550
0.0011902114 2551
0.0011465225 2552
0.0012042862 2553
0.0010934275 2554
0.0009726807 2555
0.0010025763 2556
0.0010923061 2557
0.0011928922 2558
0.0010980264 2559
0.0011332975 2560
0.0010905174 2561
0.0010325303 2562
0.0010513299 2563
0.0011393727 2564
0.001066157 2565
0.001013769 2566
0.0010989467 2567
0.0010485742 2568
0.0011071505 2569
0.0011922902 2570
0.0014593432 2571
0.0011396034 2572
0.0010227317 2573
0.0010980227 2574
0.0011758031 2575
0.0010652208 2576
0.0010243214 2577
0.0012620329 2578
0.0011656747 2579
0.0010797295 2580
0.0011287184 2581
0.0010288955 2582
0.0011612879 2583
0.0011363842 2584
0.0013005314 2585
0.0010585029 2586
0.0010353883 2587
0.0011597184 2588
0.0011780451 2589
0.0010474917 2590
0.0011277756 2591
0.001035058 2592
0.0010057968 2593
0.0010089951 2594
0.0010540085 2595
0.0010142446 2596
0.0010108822 2597
0.0010725495 2598
0.0011703353 2599
0.0010654072 2600
0.0010997856 2601
0.0010858681 2602
0.0011372998 2603
0.0010931011 2604
0.0010258841 2605
0.0010936063 2606
0.0011244081 2607
0.0009947936 2608
0.0008769458 2609
0.0011354119 2610
0.0010070654 2611
0.0012027667 2612
0.0010374266 2613
0.0010072502 2614
0.0010684103 2615
0.00095458666 2616
0.0011165129 2617
0.0009835258 2618
0.001069232 2619
0.0012330336 2620
0.0010566313 2621
0.00093995396 2622
0.0013061811 2623
0.0010384386 2624
0.0010967368 2625
0.0011260103 2626
0.0009181808 2627
0.0010680382 2628
0.0011100246 2629
0.0009851484 2630
0.0009444314 2631
0.0009958739 2632
0.0010037081 2633
0.0010015987 2634
0.0010853077 2635
0.00100796 2636
0.0010054699 2637
0.0010161237 2638
0.0009777414 2639
0.001173976 2640
0.0009727765 2641
0.00114878 2642
0.0009553811 2643
0.0010130097 2644
0.0009242138 2645
0.0009856605 2646
0.001137217 2647
0.0011686874 2648
0.0011816099 2649
0.0009336203 2650
0.0010675293 2651
0.0009709365 2652
0.00088901765 2653
0.0008240194 2654
0.0010927763 2655
0.00093138445 2656
0.00095633103 2657
0.00090822513 2658
0.0010804909 2659
0.0011507968 2660
0.0010350514 2661
0.0008880228 2662
0.0009735422 2663
0.0009708452 2664
0.00089860545 2665
0.0010577311 2666
0.0010064873 2667
0.0011753245 2668
0.0009453348 2669
0.0010561799 2670
0.0012785357 2671
0.0009822203 2672
0.0009497047 2673
0.0010955018 2674
0.0010570013 2675
0.0009087562 2676
0.001031632 2677
0.0010198549 2678
0.0010088782 2679
0.0010394523 2680
0.0009826402 2681
0.00089745363 2682
0.0011310325 2683
0.0009234334 2684
0.0009592383 2685
0.0009901933 2686
0.0010353853 2687
0.0010169124 2688
0.0010524787 2689
0.0010354028 2690
0.0011041994 2691
0.0010526436 2692
0.0009249223 2693
0.00096565177 2694
0.0009479204 2695
0.001018394 2696
0.0008217187 2697
0.0011779775 2698
0.0009166333 2699
0.0010754254 2700
0.001080954 2701
0.0011148783 2702
0.000981455 2703
0.0009416601 2704
0.0009367599 2705
0.0010017613 2706
0.001051298 2707
0.0009138132 2708
0.0010170696 2709
0.00094978645 2710
0.0009988047 2711
0.0010965928 2712
0.0010693894 2713
0.0008548713 2714
0.0010156691 2715
0.0008891905 2716
0.00091722095 2717
0.0010667368 2718
0.0010783045 2719
0.00090281846 2720
0.0009443327 2721
0.0009132438 2722
0.0010100316 2723
0.0010422799 2724
0.0008922494 2725
0.0011518346 2726
0.00091007946 2727
0.0008836716 2728
0.0009247714 2729
0.0009301673 2730
0.0010029835 2731
0.00087726355 2732
0.0009049989 2733
0.00087523484 2734
0.0010112113 2735
0.0010045334 2736
0.0010638385 2737
0.0010266787 2738
0.0009882593 2739
0.0010019193 2740
0.0009551624 2741
0.0009978107 2742
0.0010155038 2743
0.0010582721 2744
0.00095745805 2745
0.0009964032 2746
0.0009210049 2747
0.0010164963 2748
0.0009236764 2749
0.0010045585 2750
0.0009160478 2751
0.0009434433 2752
0.000960012 2753
0.0008701345 2754
0.0008350253 2755
0.00094245357 2756
0.0010734319 2757
0.00090087275 2758
0.0011133718 2759
0.0010068988 2760
0.0010467465 2761
0.0009788236 2762
0.00093218836 2763
0.0010015372 2764
0.0010055369 2765
0.00095731474 2766
0.0009977921 2767
0.0008529296 2768
0.0009739076 2769
0.0008697107 2770
0.00082036684 2771
0.0008977411 2772
0.0010087935 2773
0.0010568916 2774
0.000946642 2775
0.0009204973 2776
0.00089670334 2777
0.0009053894 2778
0.0010986618 2779
0.0008926945 2780
0.00083832565 2781
0.00075314974 2782
0.0008654047 2783
0.0010762613 2784
0.0009303583 2785
0.00114192 2786
0.0009515402 2787
0.0011063467 2788
0.0010032762 2789
0.00090550986 2790
0.0009420206 2791
0.0010793749 2792
0.0008560393 2793
0.0009913805 2794
0.0008467855 2795
0.0010659227 2796
0.0009867436 2797
0.0009152838 2798
0.00086911634 2799
0.00094133115 2800
0.0009974561 2801
0.0009098758 2802
0.0008943409 2803
0.000872549 2804
0.0009332838 2805
0.0009191798 2806
0.0009195237 2807
0.0009079842 2808
0.00083600753 2809
0.0009853977 2810
0.0007796353 2811
0.0009794446 2812
0.00096479006 2813
0.00092297676 2814
0.0009995942 2815
0.0009222166 2816
0.00095333374 2817
0.00089310866 2818
0.00096310896 2819
0.00088763924 2820
0.00088502455 2821
0.00078181893 2822
0.00087274326 2823
0.0009382324 2824
0.00087250053 2825
0.0009553103 2826
0.00094738527 2827
0.0009242452 2828
0.0008427741 2829
0.0009981635 2830
0.0010089616 2831
0.00086015376 2832
0.00084528245 2833
0.0010600897 2834
0.0011425302 2835
0.0010010457 2836
0.00085621775 2837
0.0009445711 2838
0.00087255123 2839
0.0008531576 2840
0.000908925 2841
0.00093642453 2842
0.00081330654 2843
0.001062271 2844
0.0008343107 2845
0.00092307647 2846
0.0010251744 2847
0.001067935 2848
0.0010396463 2849
0.0008784529 2850
0.0009510268 2851
0.0010091088 2852
0.0008538449 2853
0.0009925899 2854
0.0009826656 2855
0.00090271304 2856
0.0009464054 2857
0.0011490388 2858
0.0007857212 2859
0.00090686977 2860
0.0009864263 2861
0.0010675373 2862
0.0010933282 2863
0.0008742746 2864
0.00081654126 2865
0.00091366936 2866
0.00084220245 2867
0.000872587 2868
0.0009955218 2869
0.0009771375 2870
0.0008869813 2871
0.0010322067 2872
0.0010986164 2873
0.00091501174 2874
0.0009177774 2875
0.0009185204 2876
0.0009796574 2877
0.0009500375 2878
0.0009517781 2879
0.0008952994 2880
0.0008754345 2881
0.0009798639 2882
0.0010347068 2883
0.0009945603 2884
0.00090381975 2885
0.000996304 2886
0.0010015613 2887
0.00095644704 2888
0.00080088346 2889
0.00095344643 2890
0.0010735089 2891
0.0010043676 2892
0.0008693965 2893
0.0008523125 2894
0.0009993718 2895
0.00094927126 2896
0.0007736788 2897
0.0010281706 2898
0.0010822956 2899
0.0009026618 2900
0.00084209227 2901
0.0007558329 2902
0.0009060631 2903
0.0009239023 2904
0.00079874124 2905
0.0009112448 2906
0.00073820964 2907
0.0008713968 2908
0.00095493684 2909
0.00091990916 2910
0.00088719436 2911
0.0007919302 2912
0.0009120535 2913
0.00081449316 2914
0.0008552292 2915
0.0008725404 2916
0.00082276517 2917
0.00097646844 2918
0.0009485593 2919
0.0009972607 2920
0.0007576967 2921
0.0009980344 2922
0.0009869905 2923
0.0010442771 2924
0.00083660305 2925
0.00086349336 2926
0.00088634604 2927
0.0009518917 2928
0.0007706988 2929
0.00082888984 2930
0.00083062524 2931
0.00076239946 2932
0.0009619863 2933
0.000776678 2934
0.001006162 2935
0.00078482117 2936
0.0009438085 2937
0.00084849447 2938
0.0009170018 2939
0.001012843 2940
0.00086163403 2941
0.0008967308 2942
0.0007970469 2943
0.00089337106 2944
0.0008715563 2945
0.0008063035 2946
0.0011054819 2947
0.000914031 2948
0.0010568139 2949
0.0008751971 2950
0.00095488504 2951
0.0009581894 2952
0.00090337766 2953
0.0010096118 2954
0.0008648066 2955
0.0010227653 2956
0.00085445103 2957
0.00094453926 2958
0.0010307397 2959
0.0009717288 2960
0.00082312885 2961
0.0008565837 2962
0.0011408414 2963
0.00096203806 2964
0.0008385994 2965
0.0009804195 2966
0.000927711 2967
0.00087475224 2968
0.0010272367 2969
0.0008846795 2970
0.0010182931 2971
0.0008701965 2972
0.0009597889 2973
0.00091076316 2974
0.000780211 2975
0.00092257594 2976
0.0007673807 2977
0.0008683795 2978
0.0008673215 2979
0.000881848 2980
0.0009991 2981
0.00081736257 2982
0.0010004713 2983
0.0010090359 2984
0.000951652 2985
0.0010248326 2986
0.0010132882 2987
0.000940355 2988
0.0008309755 2989
0.0009305927 2990
0.0008619876 2991
0.00095879147 2992
0.0009732746 2993
0.001004534 2994
0.00080364436 2995
0.00090857194 2996
0.0010842433 2997
0.00086307747 2998
0.0008460772 2999
0.0009513909 3000
0.0007765563 3001
0.00081184506 3002
0.00091348874 3003
0.00082468806 3004
0.0008467261 3005
0.0010297247 3006
0.00092563324 3007
0.00087869965 3008
0.0008295954 3009
0.000892611 3010
0.00096197444 3011
0.0009158756 3012
0.0008335516 3013
0.00092352566 3014
0.001109678 3015
0.0008972801 3016
0.00085291057 3017
0.00093273714 3018
0.0009525298 3019
0.0008976502 3020
0.00086917705 3021
0.00074459036 3022
0.0008645545 3023
0.00089442567 3024
0.0008952307 3025
0.0009025871 3026
0.0007595538 3027
0.0009812427 3028
0.0009901607 3029
0.0008372536 3030
0.0008987636 3031
0.000966111 3032
0.00086719525 3033
0.0008447636 3034
0.00085449324 3035
0.00079016836 3036
0.0009874181 3037
0.0008960703 3038
0.0009808651 3039
0.000882398 3040
0.0008637667 3041
0.00089589076 3042
0.0009379894 3043
0.0008520827 3044
0.0008833598 3045
0.0009197782 3046
0.0008158283 3047
0.0007357253 3048
0.0007809653 3049
0.0008710704 3050
0.0008960981 3051
0.0008800032 3052
0.0009528898 3053
0.0009065688 3054
0.00096001464 3055
0.0008241439 3056
0.0009147286 3057
0.0008985638 3058
0.0009271324 3059
0.0009764001 3060
0.0008757483 3061
0.0008282056 3062
0.0008832141 3063
0.000900193 3064
0.00079559453 3065
0.00078195665 3066
0.000813624 3067
0.00080419227 3068
0.00090307376 3069
0.0009259535 3070
0.00069153984 3071
0.00083317264 3072
0.0008146446 3073
0.0008414819 3074
0.0009111498 3075
0.00087591633 3076
0.000830886 3077
0.00089210743 3078
0.0008583896 3079
0.00095146743 3080
0.00089901895 3081
0.00070488366 3082
0.0008475074 3083
0.00087003526 3084
0.00085341634 3085
0.0008862568 3086
0.00084291055 3087
0.0008974645 3088
0.00091343053 3089
0.0009746998 3090
0.0009147236 3091
0.0008459029 3092
0.0007426897 3093
0.0008437461 3094
0.00080731255 3095
0.0008223369 3096
0.000847224 3097
0.00077357853 3098
0.0008386753 3099
0.0009503464 3100
0.0009856706 3101
0.0009037555 3102
0.00078628113 3103
0.0008315011 3104
0.0007541858 3105
0.00082449487 3106
0.0008360342 3107
0.00080557825 3108
0.0008434804 3109
0.0009819773 3110
0.00091160333 3111
0.00086836657 3112
0.000916036 3113
0.0009528219 3114
0.00086415466 3115
0.0008030732 3116
0.00090147177 3117
0.00066704047 3118
0.0009161676 3119
0.0007346834 3120
0.00090394117 3121
0.0010028295 3122
0.0008992996 3123
0.00087479677 3124
0.00089423376 3125
0.0010484249 3126
0.0007515743 3127
0.0007482998 3128
0.0009618726 3129
0.00095989375 3130
0.00080932037 3131
0.00094477367 3132
0.0009753431 3133
0.0008341488 3134
0.0009408743 3135
0.00081463665 3136
0.00095003826 3137
0.00084420247 3138
0.0008976629 3139
0.00079038745 3140
0.00083754613 3141
0.0009735746 3142
0.0009284544 3143
0.0008508884 3144
0.00097167795 3145
0.0009347397 3146
0.0007995299 3147
0.00083201414 3148
0.0008779537 3149
0.0008513554 3150
0.00077801 3151
0.0009259944 3152
0.0008317986 3153
0.00087534095 3154
0.0008441731 3155
0.00094997074 3156
0.0007130919 3157
0.0009048692 3158
0.0008101091 3159
0.00080208224 3160
0.0008027522 3161
0.0007846676 3162
0.00080173713 3163
0.0008488053 3164
0.0007662169 3165
0.00088710355 3166
0.00071539596 3167
0.0008235977 3168
0.0008187302 3169
0.0009839222 3170
0.00097705 3171
0.0009171202 3172
0.0008389755 3173
0.00077984796 3174
0.000850795 3175
0.0008375674 3176
0.0007202441 3177
0.0007764475 3178
0.0009544511 3179
0.0007927295 3180
0.0008095919 3181
0.0006856299 3182
0.0009392092 3183
0.000876995 3184
0.0008339718 3185
0.0007931535 3186
0.0008332514 3187
0.00076918706 3188
0.00087020354 3189
0.00070456945 3190
0.0008171684 3191
0.0007707226 3192
0.000979282 3193
0.00078192126 3194
0.0007229001 3195
0.0007236579 3196
0.0007331201 3197
0.00078430807 3198
0.0008506422 3199
0.00083072344 3200
0.0007592214 3201
0.00083184696 3202
0.0008797467 3203
0.00090154813 3204
0.00078451575 3205
0.00081741 3206
0.0007533741 3207
0.00072812726 3208
0.00093647663 3209
0.0007835727 3210
0.0009499013 3211
0.00077742 3212
0.0008672354 3213
0.00089555944 3214
0.00086918304 3215
0.0008581452 3216
0.0007140425 3217
0.0007809887 3218
0.0009030064 3219
0.00075342366 3220
0.000776572 3221
0.00080235425 3222
0.00094431546 3223
0.00082289206 3224
0.0008240076 3225
0.0007883575 3226
0.00080149475 3227
0.00077024294 3228
0.00077720365 3229
0.00082330074 3230
0.00083834736 3231
0.0007907647 3232
0.0007966172 3233
0.0008758285 3234
0.000708785 3235
0.0008565507 3236
0.0008051027 3237
0.0008584141 3238
0.0008103718 3239
0.0006549001 3240
0.00077630556 3241
0.0008725636 3242
0.00082923466 3243
0.00080813107 3244
0.00079467613 3245
0.0008827347 3246
0.0008433571 3247
0.00078677793 3248
0.00082419213 3249
0.000902302 3250
0.00085805485 3251
0.0006919837 3252
0.00077920296 3253
0.0008394959 3254
0.0008277154 3255
0.00093747996 3256
0.00087917363 3257
0.00082559825 3258
0.00079527777 3259
0.0008263617 3260
0.00072051474 3261
0.0008307117 3262
0.0008427837 3263
0.00073369895 3264
0.0008044533 3265
0.0008190141 3266
0.0007135196 3267
0.00087709195 3268
0.0008181906 3269
0.00083750184 3270
0.000918288 3271
0.00082171534 3272
0.00078173133 3273
0.00091992086 3274
0.0007404265 3275
0.00079947535 3276
0.0007513013 3277
0.0007917592 3278
0.0008099905 3279
0.0008553531 3280
0.0008423695 3281
0.0008119702 3282
0.00077118917 3283
0.000825899 3284
0.0008117615 3285
0.0007930259 3286
0.00065099995 3287
0.0008280261 3288
0.00078594784 3289
0.0006224896 3290
0.0007149344 3291
0.00078512094 3292
0.0006510688 3293
0.0006643531 3294
0.0007817528 3295
0.00078308035 3296
0.0007648898 3297
0.0008263824 3298
0.00078518986 3299
0.00076892646 3300
0.0007471114 3301
0.0008174475 3302
0.0007778241 3303
0.0006886248 3304
0.00079256186 3305
0.0008407903 3306
0.0008023249 3307
0.0007405415 3308
0.0007536623 3309
0.0008069263 3310
0.00071315997 3311
0.00076608727 3312
0.00067775405 3313
0.00073830265 3314
0.0005856309 3315
0.0006880098 3316
0.0008125395 3317
0.0007999447 3318
0.0008156818 3319
0.0006580142 3320
0.0008890938 3321
0.0008612364 3322
0.0007720305 3323
0.0007031259 3324
0.0008863157 3325
0.00078222755 3326
0.00072358275 3327
0.00076304155 3328
0.00086132257 3329
0.0007993489 3330
0.0009149071 3331
0.0007505293 3332
0.0008939482 3333
0.0007969209 3334
0.00080455566 3335
0.00068573543 3336
0.0007893839 3337
0.0008397893 3338
0.00091907824 3339
0.0007647461 3340
0.00082070375 3341
0.00088465813 3342
0.00079392176 3343
0.0007597298 3344
0.0008138093 3345
0.0007837712 3346
0.0007520233 3347
0.0008074682 3348
0.0007291618 3349
0.00086615444 3350
0.0006956543 3351
0.0008301459 3352
0.00084694894 3353
0.00070664607 3354
0.00078860595 3355
0.00081682217 3356
0.0007726163 3357
0.0008351729 3358
0.0007660412 3359
0.0007712041 3360
0.0007710523 3361
0.0008707943 3362
0.00071684155 3363
0.00079601165 3364
0.0008299205 3365
0.0007043821 3366
0.0007744527 3367
0.00066545454 3368
0.0007307034 3369
0.0007357001 3370
0.00076050876 3371
0.0007366392 3372
0.00074600114 3373
0.0008543131 3374
0.0007816825 3375
0.00077114545 3376
0.00076092704 3377
0.0007221847 3378
0.0007912198 3379
0.0008106223 3380
0.0008624435 3381
0.00078300544 3382
0.00076291384 3383
0.00067718764 3384
0.0006901554 3385
0.0007639696 3386
0.00073521497 3387
0.00076086144 3388
0.0009330101 3389
0.0007382264 3390
0.00073125836 3391
0.0007717559 3392
0.0008104525 3393
0.00069435546 3394
0.00074356806 3395
0.00077894336 3396
0.0007104111 3397
0.0008055877 3398
0.0008622888 3399
0.0007698122 3400
0.0008954431 3401
0.0007701329 3402
0.00084507285 3403
0.0007783991 3404
0.0007531949 3405
0.00082027394 3406
0.0009413068 3407
0.0006306676 3408
0.00077982637 3409
0.0007077289 3410
0.0008772876 3411
0.0007700465 3412
0.0007638147 3413
0.0007972782 3414
0.000775481 3415
0.00075487763 3416
0.0008009038 3417
0.0007975219 3418
0.00078824325 3419
0.0008027047 3420
0.0008102074 3421
0.0008332511 3422
0.0008004894 3423
0.0008634464 3424
0.00076534785 3425
0.0007508614 3426
0.0007999818 3427
0.0006582895 3428
0.000727682 3429
0.0008663752 3430
0.00066972506 3431
0.00077846023 3432
0.0007098148 3433
0.00070921384 3434
0.0006894622 3435
0.00085469347 3436
0.0008350318 3437
0.0008291991 3438
0.001012638 3439
0.000640054 3440
0.00064739404 3441
0.00087604317 3442
0.0007522867 3443
0.0006872676 3444
0.0006422204 3445
0.0007218337 3446
0.00084162265 3447
0.0007825683 3448
0.0007119861 3449
0.0007648256 3450
0.00069389696 3451
0.00069568603 3452
0.0008528703 3453
0.00085000286 3454
0.00066525035 3455
0.000770993 3456
0.0007338036 3457
0.0008764409 3458
0.0006838416 3459
0.00071618217 3460
0.0006434334 3461
0.00073421403 3462
0.00077148597 3463
0.00068546936 3464
0.000668563 3465
0.00071847194 3466
0.00075593474 3467
0.000758087 3468
0.00074850465 3469
0.00077215733 3470
0.0008236578 3471
0.00070649246 3472
0.0007168378 3473
0.00074095535 3474
0.00078903174 3475
0.000809649 3476
0.0008448701 3477
0.0007664129 3478
0.0006889012 3479
0.0008376744 3480
0.00073824683 3481
0.00074710866 3482
0.00087356014 3483
0.0007213301 3484
0.0007055242 3485
0.0007886131 3486
0.00070545636 3487
0.000772721 3488
0.00069846574 3489
0.00075906835 3490
0.00084937963 3491
0.00077350705 3492
0.0006785607 3493
0.00064694317 3494
0.00071489025 3495
0.0007148752 3496
0.0007413664 3497
0.00079886767 3498
0.0006099133 3499
0.00075403607 3500
0.0007441593 3501
0.00069243973 3502
0.00082749594 3503
0.00076013635 3504
0.00077007007 3505
0.0007454926 3506
0.00068269094 3507
0.00062808144 3508
0.0007302043 3509
0.0009039195 3510
0.00089480804 3511
0.0006906588 3512
0.000744455 3513
0.0007669746 3514
0.0007393023 3515
0.0007336335 3516
0.0007581502 3517
0.0008065944 3518
0.00081545755 3519
0.0008124741 3520
0.0006555489 3521
0.00081008556 3522
0.0007563574 3523
0.00071879104 3524
0.00075824995 3525
0.00077358214 3526
0.0008587761 3527
0.000881749 3528
0.0007365011 3529
0.00080375356 3530
0.00068685174 3531
0.00080957275 3532
0.000787958 3533
0.0008226876 3534
0.0007018746 3535
0.0007085343 3536
0.00075656804 3537
0.0007686059 3538
0.00076215074 3539
0.0008183492 3540
0.00066096603 3541
0.0007194358 3542
0.00086476625 3543
0.0008426138 3544
0.0007247704 3545
0.0008057476 3546
0.0006978278 3547
0.00074907386 3548
0.0007084234 3549
0.0007387444 3550
0.00075223355 3551
0.00073015224 3552
0.000830065 3553
0.0007647514 3554
0.00080056424 3555
0.0008054514 3556
0.00070628163 3557
0.000710677 3558
0.00067077455 3559
0.00077830773 3560
0.0006957955 3561
0.0006941754 3562
0.00068952044 3563
0.0008228225 3564
0.00067711086 3565
0.0007419418 3566
0.0007832805 3567
0.0007111577 3568
0.00072873896 3569
0.0007698318 3570
0.00076105964 3571
0.0007004803 3572
0.000731742 3573
0.0007839994 3574
0.0007302224 3575
0.0006033055 3576
0.0008279459 3577
0.000877495 3578
0.00076491904 3579
0.00055492786 3580
0.00078273 3581
0.00082591607 3582
0.000762848 3583
0.00072849664 3584
0.0006660359 3585
0.0008552062 3586
0.00065280247 3587
0.0007647177 3588
0.0007162141 3589
0.00070872845 3590
0.00073253736 3591
0.0006992491 3592
0.0006968352 3593
0.0006837011 3594
0.00070212706 3595
0.0007466631 3596
0.0006712267 3597
0.000711102 3598
0.0007691669 3599
0.00070632994 3600
0.0006465809 3601
0.0006980164 3602
0.00073349016 3603
0.000729616 3604
0.0006774337 3605
0.0006654497 3606
0.0007323699 3607
0.0007997879 3608
0.000910457 3609
0.00082547346 3610
0.00071870245 3611
0.0007751109 3612
0.00069552456 3613
0.0007791126 3614
0.0007394968 3615
0.0006974849 3616
0.00076135946 3617
0.00069067726 3618
0.0007786704 3619
0.00066266645 3620
0.0008014086 3621
0.0007665052 3622
0.0007646639 3623
0.00079037354 3624
0.00065465237 3625
0.0007325928 3626
0.00075165735 3627
0.0007286021 3628
0.00087941566 3629
0.00078707497 3630
0.00074334774 3631
0.0008074372 3632
0.00069290784 3633
0.00083317055 3634
0.00075169036 3635
0.0007715553 3636
0.0007791792 3637
0.00077792886 3638
0.00058910536 3639
0.00071301067 3640
0.00078648934 3641
0.0007142416 3642
0.00074491085 3643
0.00073275424 3644
0.0006240169 3645
0.00074504863 3646
0.00071860757 3647
0.0006916683 3648
0.0006642819 3649
0.000699695 3650
0.0006827972 3651
0.0008299557 3652
0.0008174993 3653
0.0007541689 3654
0.0007710126 3655
0.00079606683 3656
0.00067964825 3657
0.00068313273 3658
0.0008644877 3659
0.0007598034 3660
0.0006324922 3661
0.0008423431 3662
0.00077611435 3663
0.00062821584 3664
0.00063235883 3665
0.00071321044 3666
0.00063690497 3667
0.00079274835 3668
0.000670981 3669
0.0007363077 3670
0.00062255375 3671
0.0007685765 3672
0.0006620377 3673
0.0008137188 3674
0.0006483724 3675
0.0007092686 3676
0.00063070323 3677
0.00080509245 3678
0.00075052417 3679
0.00070066855 3680
0.00078982813 3681
0.0006709593 3682
0.0005886068 3683
0.00078467256 3684
0.00070582045 3685
0.00072534895 3686
0.0006441603 3687
0.0007282946 3688
0.0007000277 3689
0.00083327666 3690
0.0007355323 3691
0.0006986752 3692
0.00081038626 3693
0.00076291885 3694
0.0007319998 3695
0.0006962251 3696
0.0007954586 3697
0.0006633021 3698
0.00064844784 3699
0.000696649 3700
0.00069569325 3701
0.00071271247 3702
0.00060479034 3703
0.0005825257 3704
0.00072930293 3705
0.00069529016 3706
0.0007354329 3707
0.00056590646 3708
0.0007215512 3709
0.0008881377 3710
0.00060497347 3711
0.00062496756 3712
0.00070422515 3713
0.0007235015 3714
0.00070548174 3715
0.0006704466 3716
0.0006703708 3717
0.00067047606 3718
0.0006795335 3719
0.00071783626 3720
0.0006579881 3721
0.0006702301 3722
0.0006696875 3723
0.00062570843 3724
0.00065505237 3725
0.000681228 3726
0.00068914774 3727
0.00075168343 3728
0.0007241307 3729
0.0006750575 3730
0.0007270426 3731
0.00058763224 3732
0.0006871199 3733
0.00087275053 3734
0.0006790806 3735
0.0006771256 3736
0.0007635743 3737
0.0008010685 3738
0.00081370404 3739
0.0006515929 3740
0.0007544359 3741
0.0006758147 3742
0.00069655856 3743
0.0007930613 3744
0.00072765176 3745
0.0006436247 3746
0.00065842393 3747
0.00076063874 3748
0.00067393726 3749
0.00072579924 3750
0.00075304677 3751
0.00067205506 3752
0.0006813529 3753
0.0006428275 3754
0.0006482961 3755
0.0006441594 3756
0.0007545716 3757
0.00063100184 3758
0.0006419577 3759
0.0005418049 3760
0.00065743475 3761
0.00073065574 3762
0.0006645752 3763
0.0006982216 3764
0.00066603156 3765
0.00062358653 3766
0.0006600574 3767
0.0007042921 3768
0.00066585955 3769
0.00085026963 3770
0.0006153139 3771
0.00061509875 3772
0.00074573525 3773
0.00067679456 3774
0.00072102324 3775
0.0007206774 3776
0.0006378891 3777
0.00074821233 3778
0.0006419113 3779
0.0007939248 3780
0.00060954504 3781
0.00071968226 3782
0.0006623484 3783
0.00074030727 3784
0.0007460658 3785
0.0007322033 3786
0.0006428306 3787
0.0007079784 3788
0.0007461168 3789
0.00063098565 3790
0.00076920824 3791
0.00067538326 3792
0.00069563976 3793
0.0006802153 3794
0.00068981026 3795
0.0007474632 3796
0.00067848543 3797
0.00074841105 3798
0.0007776121 3799
0.0007477947 3800
0.0007498356 3801
0.0007861115 3802
0.00065871014 3803
0.0006302334 3804
0.00065379636 3805
0.0007569005 3806
0.00078774337 3807
0.00077793037 3808
0.000779249 3809
0.00080013566 3810
0.0006446023 3811
0.00089471665 3812
0.0007545897 3813
0.0007869321 3814
0.0006880368 3815
0.00076520856 3816
0.0007498195 3817
0.00077438174 3818
0.00078633084 3819
0.0008726651 3820
0.0008688243 3821
0.00075718877 3822
0.000769499 3823
0.00069138093 3824
0.0006848579 3825
0.0007249788 3826
0.0007613962 3827
0.0006950324 3828
0.0006341429 3829
0.00061243435 3830
0.0005844133 3831
0.0007263744 3832
0.0006488966 3833
0.0006810463 3834
0.00075101346 3835
0.0006760297 3836
0.0007308142 3837
0.0007796077 3838
0.000841763 3839
0.00068225095 3840
0.0007062085 3841
0.00071410596 3842
0.0006863842 3843
0.000676756 3844
0.00067521335 3845
0.00073054177 3846
0.00073716603 3847
0.0007988151 3848
0.00061250315 3849
0.0006200217 3850
0.0006886252 3851
0.00065211236 3852
0.00058483944 3853
0.0006783938 3854
0.0007777628 3855
0.0005764759 3856
0.0006871062 3857
0.000655504 3858
0.0006167993 3859
0.0006970916 3860
0.0006881631 3861
0.0006924846 3862
0.00067900476 3863
0.0007356277 3864
0.00066933944 3865
0.0006405625 3866
0.0007366377 3867
0.0007137779 3868
0.0007496088 3869
0.00065630727 3870
0.0007216371 3871
0.00064930844 3872
0.0007089167 3873
0.00080299773 3874
0.0007445802 3875
0.00078130537 3876
0.0006874231 3877
0.0007602685 3878
0.00066144974 3879
0.0007771651 3880
0.0007464002 3881
0.0005882989 3882
0.000730702 3883
0.0006913173 3884
0.000718124 3885
0.00074613735 3886
0.00075603096 3887
0.00069001253 3888
0.00074880756 3889
0.0007451696 3890
0.00071644696 3891
0.000733376 3892
0.00063540955 3893
0.00067818596 3894
0.00075687614 3895
0.0006965584 3896
0.0007570065 3897
0.00074634614 3898
0.00075288705 3899
0.00078581297 3900
0.0006955595 3901
0.0006278931 3902
0.00073861895 3903
0.00063783576 3904
0.00060318725 3905
0.00077841047 3906
0.0006928457 3907
0.0007287436 3908
0.0007285453 3909
0.00080795994 3910
0.0007036559 3911
0.00072571053 3912
0.00077977363 3913
0.00067518244 3914
0.0007357903 3915
0.00073779933 3916
0.00071359804 3917
0.0007136927 3918
0.000668292 3919
0.00060317025 3920
0.0006885535 3921
0.0007194221 3922
0.00065040716 3923
0.00069323555 3924
0.0006596336 3925
0.0006391388 3926
0.00065810134 3927
0.0006673243 3928
0.0006051362 3929
0.00058470684 3930
0.00075312523 3931
0.00066198764 3932
0.0006923277 3933
0.0006108587 3934
0.00062870723 3935
0.000724894 3936
0.000642614 3937
0.0005990243 3938
0.00066393975 3939
0.000740225 3940
0.00070229406 3941
0.0006534651 3942
0.0007825862 3943
0.00057422323 3944
0.00077872176 3945
0.0007063994 3946
0.00060681964 3947
0.00062560645 3948
0.00057565456 3949
0.00072922953 3950
0.0005770879 3951
0.0006870445 3952
0.00067017897 3953
0.0006370673 3954
0.0005961526 3955
0.00065797 3956
0.00071218587 3957
0.00071487256 3958
0.00064439885 3959
0.0006490102 3960
0.00064085034 3961
0.0006736956 3962
0.0007141201 3963
0.00072806265 3964
0.00065724796 3965
0.0007112874 3966
0.0005959255 3967
0.00060242735 3968
0.0006769534 3969
0.0005925377 3970
0.00071915664 3971
0.000613205 3972
0.00063839165 3973
0.00059790973 3974
0.0006982417 3975
0.0006963716 3976
0.00059075654 3977
0.0006570377 3978
0.00067138753 3979
0.00068140274 3980
0.00065015315 3981
0.0006226912 3982
0.0006350215 3983
0.0005916701 3984
0.00064802007 3985
0.00063089933 3986
0.00074898556 3987
0.00073161087 3988
0.0006693024 3989
0.0007069684 3990
0.00072448165 3991
0.0006625996 3992
0.0006126766 3993
0.00068877154 3994
0.0006645914 3995
0.0005554575 3996
0.0008127235 3997
0.00065010926 3998
0.00068206433 3999
0.0005579449 4000
0.00058322033 4001
0.0006766007 4002
0.0006704676 4003
0.0006816025 4004
0.0006887281 4005
0.0006537954 4006
0.00075107394 4007
0.0006594229 4008
0.0005360001 4009
0.00068990805 4010
0.0006518305 4011
0.00061337644 4012
0.0005881829 4013
0.0005838434 4014
0.00065678917 4015
0.00069052214 4016
0.00075922656 4017
0.00061003113 4018
0.00069570396 4019
0.0007385145 4020
0.0006451855 4021
0.0006958 4022
0.0006546791 4023
0.00073762157 4024
0.00068066426 4025
0.0006892987 4026
0.0007183787 4027
0.00067496416 4028
0.0006028639 4029
0.00071824697 4030
0.0006801896 4031
0.0006768556 4032
0.0006382055 4033
0.00062572304 4034
0.0006468474 4035
0.00062168925 4036
0.00059752486 4037
0.00066103914 4038
0.00060619414 4039
0.00070648285 4040
0.00078050623 4041
0.00064298237 4042
0.00081177405 4043
0.0007122146 4044
0.00077280536 4045
0.00073393673 4046
0.0006586391 4047
0.00055563793 4048
0.0006605799 4049
0.00075485994 4050
0.00065042434 4051
0.0006220298 4052
0.0006292974 4053
0.0007008438 4054
0.000724151 4055
0.00073000457 4056
0.0006584536 4057
0.00062951044 4058
0.00059128716 4059
0.00068518455 4060
0.000720308 4061
0.0006461195 4062
0.00065459183 4063
0.0005239262 4064
0.00062587817 4065
0.00064882106 4066
0.0006934439 4067
0.0006690051 4068
0.0007436437 4069
0.00065108866 4070
0.0007327166 4071
0.00068015425 4072
0.00065833674 4073
0.0007236485 4074
0.0006367087 4075
0.000552567 4076
0.0007209173 4077
0.0006331887 4078
0.00069666695 4079
0.00068516284 4080
0.00067063497 4081
0.0006294299 4082
0.00068359263 4083
0.0006303973 4084
0.00066752493 4085
0.00062535994 4086
0.00067544234 4087
0.00074302347 4088
0.0006318384 4089
0.00070768746 4090
0.000751193 4091
0.0007951007 4092
0.0006842907 4093
0.00071020046 4094
0.0006849698 4095
0.00067083765 4096
0.000694245 4097
0.00072219805 4098
0.0006725819 4099
0.0007848303 4100
0.00063310796 4101
0.00070665544 4102
0.0006955091 4103
0.0006883968 4104
0.00069954665 4105
0.00062761887 4106
0.0006137163 4107
0.0006294017 4108
0.0006499166 4109
0.0007924768 4110
0.00057828816 4111
0.0006810575 4112
0.00065561745 4113
0.00066685764 4114
0.0006677811 4115
0.00065644144 4116
0.0005548891 4117
0.00064227806 4118
0.000628431 4119
0.0006247641 4120
0.0005809199 4121
0.0005388522 4122
0.0006914695 4123
0.0006050697 4124
0.0006064671 4125
0.00067842903 4126
0.00063794106 4127
0.0007240331 4128
0.0005699879 4129
0.00061026233 4130
0.0006454247 4131
0.0007257537 4132
0.00068890495 4133
0.0006640887 4134
0.0006123434 4135
0.00064754486 4136
0.000696921 4137
0.0005171635 4138
0.0005676789 4139
0.0005802232 4140
0.00062734133 4141
0.00063688675 4142
0.0006866474 4143
0.000560598 4144
0.00063333684 4145
0.0005925637 4146
0.0006237726 4147
0.00059806276 4148
0.0006395355 4149
0.000608124 4150
0.0006193387 4151
0.00057966996 4152
0.00069572247 4153
0.00058638596 4154
0.0006356426 4155
0.00057723897 4156
0.0005211053 4157
0.0007012328 4158
0.00069599936 4159
0.0006777267 4160
0.0006110043 4161
0.0005790728 4162
0.000783481 4163
0.00058992347 4164
0.0006370757 4165
0.0005198181 4166
0.00063831185 4167
0.0005399268 4168
0.00065654056 4169
0.0006286946 4170
0.0006973508 4171
0.0005873073 4172
0.0006514749 4173
0.0006336873 4174
0.0005885609 4175
0.00066621834 4176
0.0006231758 4177
0.00055311207 4178
0.0007022804 4179
0.00067115144 4180
0.0006842211 4181
0.00062181416 4182
0.0005557271 4183
0.00075515546 4184
0.00054162747 4185
0.0007324007 4186
0.00064465567 4187
0.0005878688 4188
0.0006531275 4189
0.0006653353 4190
0.0006910689 4191
0.00069647067 4192
0.00060808484 4193
0.00061279075 4194
0.00064284296 4195
0.0006328008 4196
0.000666202 4197
0.00067395094 4198
0.0005928424 4199
0.00061200734 4200
0.0006295302 4201
0.00057036866 4202
0.0006517817 4203
0.0006383996 4204
0.00067729026 4205
0.0006664365 4206
0.00058799837 4207
0.0006160341 4208
0.0006122022 4209
0.00060526736 4210
0.00065786665 4211
0.0006558038 4212
0.00061992387 4213
0.0005644972 4214
0.00060386944 4215
0.0006585223 4216
0.0007096837 4217
0.00057110604 4218
0.0006500835 4219
0.0006649743 4220
0.00072270393 4221
0.00069450215 4222
0.0006475852 4223
0.00067091483 4224
0.00058955996 4225
0.00057245715 4226
0.00060318795 4227
0.0005684528 4228
0.00055693625 4229
0.0006407532 4230
0.00062051055 4231
0.00059168285 4232
0.00060591573 4233
0.000647854 4234
0.00056682737 4235
0.0006306603 4236
0.0005794869 4237
0.00060471444 4238
0.0005878721 4239
0.0005684111 4240
0.00065147853 4241
0.00064621854 4242
0.00057810266 4243
0.0007560726 4244
0.0006189085 4245
0.0006511145 4246
0.00059308717 4247
0.0007568735 4248
0.00068157585 4249
0.00064847944 4250
0.000617589 4251
0.00070898066 4252
0.0006505119 4253
0.0005385921 4254
0.0006035925 4255
0.00059350254 4256
0.00064951123 4257
0.00057588593 4258
0.00059802167 4259
0.00075619173 4260
0.00057326833 4261
0.00062924647 4262
0.0005837044 4263
0.0005702502 4264
0.0006783476 4265
0.0006695668 4266
0.00057968515 4267
0.0006319928 4268
0.0006993589 4269
0.000583686 4270
0.0006105371 4271
0.0005771774 4272
0.00062188343 4273
0.000599662 4274
0.0006303039 4275
0.0006041483 4276
0.0006377808 4277
0.00064319454 4278
0.0005561131 4279
0.00057442446 4280
0.00064314366 4281
0.0006741375 4282
0.0005873965 4283
0.0006744673 4284
0.00057629985 4285
0.00066941115 4286
0.0007277931 4287
0.0006365416 4288
0.00059480924 4289
0.00068035716 4290
0.0005835149 4291
0.00065576396 4292
0.0005857096 4293
0.00058054365 4294
0.000606833 4295
0.0006304828 4296
0.00058589445 4297
0.00063222105 4298
0.000619183 4299
0.000665971 4300
0.0006403763 4301
0.00064163544 4302
0.0006023483 4303
0.0006619082 4304
0.0007001392 4305
0.00059152883 4306
0.0006358836 4307
0.00062279374 4308
0.0006677028 4309
0.0006012878 4310
0.0006738628 4311
0.0007065939 4312
0.00064832735 4313
0.00060495676 4314
0.0006832764 4315
0.0005909754 4316
0.0007057486 4317
0.00056946825 4318
0.0005659133 4319
0.0005913375 4320
0.00061579683 4321
0.0006254663 4322
0.00058903114 4323
0.00064132665 4324
0.00059618463 4325
0.00056175736 4326
0.000592694 4327
0.00061639195 4328
0.00061876373 4329
0.00059520063 4330
0.00060705905 4331
0.00061752193 4332
0.0005936169 4333
0.00069115515 4334
0.0005983039 4335
0.00056240836 4336
0.00061310973 4337
0.0006097074 4338
0.00067313627 4339
0.0005498785 4340
0.00066834345 4341
0.0005758486 4342
0.0005829412 4343
0.00055616774 4344
0.00066401175 4345
0.00070075935 4346
0.00057901756 4347
0.0006498751 4348
0.00063292263 4349
0.0005906408 4350
0.0006790201 4351
0.0006412683 4352
0.0005775878 4353
0.0005998067 4354
0.00055696885 4355
0.00060863723 4356
0.0006134663 4357
0.0006579197 4358
0.00068060606 4359
0.00054226466 4360
0.0005899259 4361
0.00053240487 4362
0.00064121146 4363
0.0005515006 4364
0.00065305515 4365
0.00059666403 4366
0.000652645 4367
0.00057534775 4368
0.0006190403 4369
0.00064745895 4370
0.0006475642 4371
0.0006131192 4372
0.0005423951 4373
0.0006033915 4374
0.0006512979 4375
0.000589624 4376
0.0006373589 4377
0.0006490531 4378
0.0006296052 4379
0.0006853842 4380
0.0006081932 4381
0.0005955668 4382
0.0005675876 4383
0.0006053612 4384
0.0006622936 4385
0.00056206423 4386
0.00059589924 4387
0.0005756896 4388
0.00057749596 4389
0.00053520146 4390
0.0006600268 4391
0.0006210911 4392
0.00054871384 4393
0.0006313653 4394
0.00057598477 4395
0.000565116 4396
0.00056853896 4397
0.0005915109 4398
0.00062150095 4399
0.0005451262 4400
0.00065705343 4401
0.0005752345 4402
0.0005868653 4403
0.00057980645 4404
0.0005678205 4405
0.00058427494 4406
0.00059339486 4407
0.0006027434 4408
0.00054873456 4409
0.00056403497 4410
0.0005968508 4411
0.0006497735 4412
0.0005418905 4413
0.0006454549 4414
0.00056127977 4415
0.0006000738 4416
0.00060809636 4417
0.00066959334 4418
0.0006106633 4419
0.00062893284 4420
0.0006358266 4421
0.00060835894 4422
0.00067590125 4423
0.0005572686 4424
0.0005688448 4425
0.00068187393 4426
0.00055768766 4427
0.0005752158 4428
0.00047842425 4429
0.00053555175 4430
0.0006617757 4431
0.0006043097 4432
0.00056676456 4433
0.0005744941 4434
0.00070946035 4435
0.00060226215 4436
0.0006075208 4437
0.00062015624 4438
0.0005636238 4439
0.00067638955 4440
0.000640748 4441
0.00060437527 4442
0.00059950823 4443
0.00060719467 4444
0.00068317016 4445
0.00055699865 4446
0.00066786364 4447
0.0005941557 4448
0.000612221 4449
0.0006275751 4450
0.00073050155 4451
0.00072983344 4452
0.0006273742 4453
0.00061470096 4454
0.00063369225 4455
0.00058699993 4456
0.00061686506 4457
0.00069442013 4458
0.0006363183 4459
0.0005598551 4460
0.00067668484 4461
0.00050462224 4462
0.00056552526 4463
0.0006178784 4464
0.0006612912 4465
0.0007182801 4466
0.00065826596 4467
0.0005662506 4468
0.00067093933 4469
0.0006007747 4470
0.0006922212 4471
0.00056751614 4472
0.00069157535 4473
0.0006081592 4474
0.0006297215 4475
0.0006229608 4476
0.00055290095 4477
0.00064232433 4478
0.00056560774 4479
0.0005839771 4480
0.0006555392 4481
0.0005185241 4482
0.00058970036 4483
0.0005080637 4484
0.0005630855 4485
0.0005543535 4486
0.00062421424 4487
0.0005955959 4488
0.00058650726 4489
0.0005542181 4490
0.0006262195 4491
0.00053501193 4492
0.00058360025 4493
0.0005575518 4494
0.00049922935 4495
0.00053942885 4496
0.00057266495 4497
0.0006523855 4498
0.0005854411 4499
0.00055340613 4500
0.0005567098 4501
0.00063572417 4502
0.0006188323 4503
0.00063407264 4504
0.0006352495 4505
0.0005491421 4506
0.0005848093 4507
0.0006289083 4508
0.0005228708 4509
0.000602699 4510
0.000599971 4511
0.000523382 4512
0.0005858067 4513
0.00054514117 4514
0.0005799786 4515
0.0005714999 4516
0.00060800527 4517
0.0006168021 4518
0.0005862516 4519
0.0006163145 4520
0.00063439045 4521
0.000586126 4522
0.0005823236 4523
0.0006523161 4524
0.0005886025 4525
0.00066527555 4526
0.00053916464 4527
0.0005734837 4528
0.00056386617 4529
0.0006074709 4530
0.00055883947 4531
0.00058251026 4532
0.00059870916 4533
0.00060136995 4534
0.000568138 4535
0.000692997 4536
0.0006889564 4537
0.0006255012 4538
0.0005504273 4539
0.00059684704 4540
0.0006247931 4541
0.0006151063 4542
0.0005597989 4543
0.00052477 4544
0.00055791263 4545
0.0004950666 4546
0.000633127 4547
0.00054468674 4548
0.0005648553 4549
0.00062735646 4550
0.00066367205 4551
0.00058828405 4552
0.00064248085 4553
0.0006185487 4554
0.00049011677 4555
0.0005961697 4556
0.0005617175 4557
0.00063002174 4558
0.0005929627 4559
0.0005146797 4560
0.0005980525 4561
0.00058794377 4562
0.00058474526 4563
0.0005719067 4564
0.0006070682 4565
0.0006453451 4566
0.000602472 4567
0.00058260845 4568
0.0005886421 4569
0.0005897398 4570
0.00060241984 4571
0.0005624031 4572
0.0005820922 4573
0.00062203384 4574
0.0006364833 4575
0.00061250286 4576
0.0005515954 4577
0.00056941924 4578
0.00061702053 4579
0.00054045155 4580
0.0005717771 4581
0.0006076793 4582
0.0005465028 4583
0.00053246797 4584
0.0006141733 4585
0.00055106584 4586
0.0006334127 4587
0.0006147854 4588
0.0006077296 4589
0.0006416819 4590
0.0004981296 4591
0.00058022456 4592
0.000523538 4593
0.00061395025 4594
0.00061983365 4595
0.00065786665 4596
0.0005853932 4597
0.00058228517 4598
0.00055080734 4599
0.0005316517 4600
0.0006205757 4601
0.00061529025 4602
0.00061276404 4603
0.00056174584 4604
0.00056096347 4605
0.00064204604 4606
0.00053508737 4607
0.0005350741 4608
0.00063677004 4609
0.00060678256 4610
0.00057994033 4611
0.00055531337 4612
0.0005327964 4613
0.0005275409 4614
0.0006510094 4615
0.00062713656 4616
0.00051799347 4617
0.0005455508 4618
0.0005950097 4619
0.00068969233 4620
0.00075572234 4621
0.00063303567 4622
0.0005577721 4623
0.0004856004 4624
0.00059926044 4625
0.0006347085 4626
0.00055231014 4627
0.00059602153 4628
0.00065311725 4629
0.00058998534 4630
0.00057203777 4631
0.00055913185 4632
0.0004888844 4633
0.0006194732 4634
0.0006944667 4635
0.00057861226 4636
0.00052865787 4637
0.0005684133 4638
0.0005127952 4639
0.00055215013 4640
0.000621273 4641
0.00059631874 4642
0.00058608304 4643
0.0006120635 4644
0.00062927994 4645
0.00058534177 4646
0.00058586453 4647
0.00066821784 4648
0.0006473116 4649
0.0005172761 4650
0.0004792518 4651
0.0006708206 4652
0.0005808946 4653
0.00054258073 4654
0.0005751523 4655
0.00059698586 4656
0.0005800904 4657
0.0006648419 4658
0.0005648164 4659
0.0005983999 4660
0.00061967596 4661
0.00060388364 4662
0.00060304324 4663
0.0005701756 4664
0.00064473756 4665
0.00067033235 4666
0.0005963748 4667
0.00061361457 4668
0.0006562519 4669
0.00056729873 4670
0.0005806796 4671
0.00054829335 4672
0.00062189606 4673
0.0006049028 4674
0.000543625 4675
0.0005802107 4676
0.0005828291 4677
0.0006210754 4678
0.0005884555 4679
0.00053427846 4680
0.000537081 4681
0.00068480696 4682
0.000615052 4683
0.0006374526 4684
0.00054362713 4685
0.00058235717 4686
0.0006055732 4687
0.00054450386 4688
0.0006273705 4689
0.00065111293 4690
0.0005635616 4691
0.0006224003 4692
0.00066788663 4693
0.0006638421 4694
0.0006034803 4695
0.000600205 4696
0.0005569885 4697
0.0005561258 4698
0.00061928557 4699
0.0005713573 4700
0.000592694 4701
0.00057026703 4702
0.0005965033 4703
0.0005195853 4704
0.00051591976 4705
0.0006466005 4706
0.0006169202 4707
0.00058458635 4708
0.00056263065 4709
0.0005772325 4710
0.0005699448 4711
0.0005315749 4712
0.00061330653 4713
0.000536087 4714
0.0005361243 4715
0.0006325048 4716
0.0006204913 4717
0.0005234275 4718
0.0005659026 4719
0.00056808436 4720
0.0005006799 4721
0.0006363146 4722
0.00060261134 4723
0.0006202849 4724
0.00066967943 4725
0.00060169224 4726
0.00057496794 4727
0.00059229194 4728
0.0005396396 4729
0.00055839587 4730
0.0005984409 4731
0.00054656895 4732
0.000595809 4733
0.000653501 4734
0.00062140514 4735
0.00057437835 4736
0.0006212638 4737
0.00066518324 4738
0.00054960034 4739
0.0005785492 4740
0.00060988514 4741
0.0006272384 4742
0.00064587314 4743
0.0005685695 4744
0.00061802514 4745
0.0005471661 4746
0.0005808653 4747
0.0006468356 4748
0.00063832203 4749
0.0005723779 4750
0.0006152565 4751
0.00067438924 4752
0.0005920318 4753
0.0006047578 4754
0.00046835103 4755
0.0005857741 4756
0.00055255124 4757
0.0005797808 4758
0.00051268627 4759
0.0005662191 4760
0.0004773804 4761
0.0005069478 4762
0.0005267386 4763
0.0004958064 4764
0.00055788655 4765
0.00068413536 4766
0.00060903886 4767
0.0004982725 4768
0.0006744113 4769
0.00056671276 4770
0.0005191699 4771
0.00060539687 4772
0.00057079695 4773
0.0005352571 4774
0.0006632921 4775
0.0005600664 4776
0.0005482971 4777
0.00060110167 4778
0.0005645605 4779
0.00064326957 4780
0.00044651388 4781
0.0005878641 4782
0.00054646394 4783
0.00058656326 4784
0.00064485153 4785
0.0004911094 4786
0.0005869865 4787
0.00054484967 4788
0.0006988997 4789
0.00062985276 4790
0.0005362829 4791
0.000594164 4792
0.000592134 4793
0.0005813476 4794
0.0005355051 4795
0.0006188162 4796
0.00051845296 4797
0.0005137224 4798
0.0005340386 4799
0.0005544754 4800
0.00053690316 4801
0.00062859146 4802
0.000592926 4803
0.00060836883 4804
0.00053121994 4805
0.0005409321 4806
0.0006249636 4807
0.00058140623 4808
0.0005641139 4809
0.00053880207 4810
0.0006810236 4811
0.0004815919 4812
0.00050523685 4813
0.00057668873 4814
0.00062710594 4815
0.0006207065 4816
0.0005912888 4817
0.00056472956 4818
0.0005888352 4819
0.00051108503 4820
0.000501642 4821
0.0005675577 4822
0.0005517183 4823
0.0005078768 4824
0.0005159923 4825
0.0005811667 4826
0.0005438365 4827
0.0006673399 4828
0.0005162619 4829
0.0005846305 4830
0.00054408 4831
0.000520542 4832
0.00055401947 4833
0.00050351257 4834
0.00064278324 4835
0.0006228528 4836
0.00055326323 4837
0.000546562 4838
0.0006188794 4839
0.0004734469 4840
0.00056359306 4841
0.0005184459 4842
0.0005234959 4843
0.00061137986 4844
0.000519809 4845
0.00051826576 4846
0.0005267018 4847
0.0006070485 4848
0.0006004838 4849
0.0004876274 4850
0.00057710626 4851
0.0005074205 4852
0.000509316 4853
0.0005363959 4854
0.0006256941 4855
0.00051503466 4856
0.0005233729 4857
0.0005435162 4858
0.0005566682 4859
0.0005704853 4860
0.0005910792 4861
0.00049194624 4862
0.000540087 4863
0.00050583575 4864
0.0005071293 4865
0.0005182735 4866
0.00054639764 4867
0.0005955713 4868
0.00052942097 4869
0.0005091751 4870
0.0005963934 4871
0.0005293328 4872
0.0005816167 4873
0.00048917835 4874
0.0005772754 4875
0.00059658947 4876
0.00065759406 4877
0.00059223303 4878
0.00063000584 4879
0.0005598473 4880
0.00054554513 4881
0.0005788933 4882
0.0005751784 4883
0.0005047498 4884
0.0005958699 4885
0.000610806 4886
0.00062285725 4887
0.00062016 4888
0.0006490391 4889
0.0005687406 4890
0.0005183265 4891
0.00058771024 4892
0.0006094518 4893
0.00055935927 4894
0.00047297528 4895
0.0006084393 4896
0.00056422234 4897
0.0006032224 4898
0.00062291254 4899
0.0006068322 4900
0.00065252814 4901
0.0006310472 4902
0.0005654704 4903
0.000536552 4904
0.00058159564 4905
0.0006131556 4906
0.0006242649 4907
0.00062943954 4908
0.00062505086 4909
0.0004580845 4910
0.000565337 4911
0.00053024554 4912
0.0006175241 4913
0.0005056968 4914
0.0005379242 4915
0.00057677325 4916
0.00053326145 4917
0.0005566139 4918
0.00062734465 4919
0.0005131403 4920
0.00066153356 4921
0.00054008566 4922
0.000575477 4923
0.0005858288 4924
0.00047765506 4925
0.00056788453 4926
0.00055727176 4927
0.00058949355 4928
0.0005593235 4929
0.0006165026 4930
0.0005724799 4931
0.0006000641 4932
0.0004979208 4933
0.000571376 4934
0.0005939538 4935
0.00053178484 4936
0.00053470413 4937
0.000520757 4938
0.00046793636 4939
0.0005406283 4940
0.00056756276 4941
0.0005148548 4942
0.0005807592 4943
0.00062926067 4944
0.0006632778 4945
0.000566076 4946
0.0006707497 4947
0.0006022585 4948
0.0005902177 4949
0.00047996757 4950
0.0004986634 4951
0.00062209356 4952
0.0006427283 4953
0.00059632125 4954
0.000612992 4955
0.000592875 4956
0.00059807196 4957
0.0005895713 4958
0.0005586507 4959
0.0005742138 4960
0.00051228923 4961
0.00064540707 4962
0.00057658594 4963
0.0005767379 4964
0.00056780095 4965
0.00061989593 4966
0.00056241837 4967
0.0005813559 4968
0.0005386608 4969
0.0006773166 4970
0.000524979 4971
0.00062529655 4972
0.0005761374 4973
0.00062872784 4974
0.00053029956 4975
0.0005311241 4976
0.00056610466 4977
0.00054649106 4978
0.0006114711 4979
0.0006546365 4980
0.00059308304 4981
0.00051516603 4982
0.00056123786 4983
0.00055974297 4984
0.00050781673 4985
0.00048075244 4986
0.00059490884 4987
0.0006200999 4988
0.00065257953 4989
0.0006282654 4990
0.0006081392 4991
0.0005893896 4992
0.0006107007 4993
0.00049411424 4994
0.00061423745 4995
0.0005300721 4996
0.0005184952 4997
0.00056594063 4998
0.0005990115 4999
0.00053508696 5000
0.0005913143 5001
0.0005507583 5002
0.00059529016 5003
0.0006034283 5004
0.0005302493 5005
0.00058764627 5006
0.000554365 5007
0.00059964927 5008
0.00062957924 5009
0.00060755113 5010
0.0005938319 5011
0.000570257 5012
0.0005761909 5013
0.00048078204 5014
0.0005328067 5015
0.00054370717 5016
0.0005320723 5017
0.00055718445 5018
0.00052416086 5019
0.00053350715 5020
0.0005025738 5021
0.00048563385 5022
0.0005628433 5023
0.00048612384 5024
0.00053038314 5025
0.0005702612 5026
0.00053913245 5027
0.00048706564 5028
0.00055738405 5029
0.0004840876 5030
0.0005912894 5031
0.00054677617 5032
0.0005629267 5033
0.00047280212 5034
0.0005602057 5035
0.000473656 5036
0.0004919897 5037
0.00054236036 5038
0.00055414153 5039
0.0005508552 5040
0.0005315475 5041
0.00062491634 5042
0.0004859742 5043
0.0005498049 5044
0.00059177825 5045
0.0005357559 5046
0.0005521364 5047
0.00045830975 5048
0.0005936926 5049
0.00048543647 5050
0.00059494755 5051
0.0005333523 5052
0.0006164319 5053
0.00049603963 5054
0.0005438986 5055
0.00056070526 5056
0.00056940835 5057
0.0005233865 5058
0.0005704597 5059
0.0005058604 5060
0.00054739823 5061
0.0005083581 5062
0.00047367698 5063
0.00054723065 5064
0.0005498324 5065
0.00057367014 5066
0.00049712346 5067
0.0005817066 5068
0.0005175562 5069
0.00054933486 5070
0.0005166489 5071
0.0005211952 5072
0.0005911561 5073
0.0005370138 5074
0.0005636018 5075
0.00053312036 5076
0.0006314331 5077
0.0005645355 5078
0.00055243645 5079
0.0005573062 5080
0.00064216804 5081
0.0005612236 5082
0.0005174464 5083
0.0005271349 5084
0.0006060843 5085
0.0005443407 5086
0.0005863091 5087
0.00059579214 5088
0.00052718824 5089
0.00062312646 5090
0.00045512512 5091
0.0005841807 5092
0.0005621632 5093
0.0005739872 5094
0.0005545955 5095
0.0004955999 5096
0.0005584488 5097
0.0005575336 5098
0.0005283772 5099
0.00065262243 5100
0.00058596436 5101
0.0006085056 5102
0.00061427255 5103
0.00058218895 5104
0.0005083938 5105
0.00056777446 5106
0.00050917716 5107
0.0005302617 5108
0.00048924005 5109
0.0005394157 5110
0.0005580529 5111
0.0005687177 5112
0.0005136756 5113
0.0004917693 5114
0.000568775 5115
0.00051945867 5116
0.00056094595 5117
0.000579572 5118
0.0005413506 5119
0.00047020125 5120
0.0005851037 5121
0.00057942176 5122
0.00057297014 5123
0.000520151 5124
0.0005790456 5125
0.0005017656 5126
0.0005499035 5127
0.0005626719 5128
0.0005552932 5129
0.00052179507 5130
0.00054667686 5131
0.00049216626 5132
0.0005277259 5133
0.00056556804 5134
0.00052696915 5135
0.0005159181 5136
0.00053003296 5137
0.0005463501 5138
0.00049676804 5139
0.0005167672 5140
0.00059748045 5141
0.00050417485 5142
0.0006475225 5143
0.00059281377 5144
0.00061622035 5145
0.00042889235 5146
0.000569772 5147
0.00050193915 5148
0.00045922204 5149
0.000515518 5150
0.00057925814 5151
0.00054680055 5152
0.0006028316 5153
0.00055090187 5154
0.0005156818 5155
0.0005137392 5156
0.0005768455 5157
0.00055182324 5158
0.0005933377 5159
0.0005076358 5160
0.0005538886 5161
0.00052210904 5162
0.0005287203 5163
0.0004906554 5164
0.00061448774 5165
0.00057824457 5166
0.00054090365 5167
0.0005656007 5168
0.0005524018 5169
0.0004937946 5170
0.00056001404 5171
0.00048716893 5172
0.00048370313 5173
0.0005175697 5174
0.00054902176 5175
0.0005930911 5176
0.00050423044 5177
0.0005462322 5178
0.00051383505 5179
0.00047265386 5180
0.0005015302 5181
0.0005916554 5182
0.0005495071 5183
0.0005450239 5184
0.0005582098 5185
0.0004624882 5186
0.0004883974 5187
