7.702836 0
7.406903 1
6.93607 2
7.0674143 3
6.8196373 4
6.9429674 5
6.742738 6
7.0362644 7
6.378141 8
5.706467 9
5.3661327 10
4.536212 11
4.4830503 12
4.0127573 13
3.869251 14
3.9258053 15
3.7010553 16
3.8279817 17
3.5662274 18
3.6300964 19
3.5523627 20
3.40033 21
3.406734 22
3.4523504 23
3.4272325 24
3.6189244 25
3.5857131 26
3.5447056 27
3.3014593 28
3.4548845 29
3.4271328 30
3.5156212 31
3.2136407 32
3.304773 33
3.1030552 34
3.1824036 35
3.4207377 36
3.379967 37
2.9631467 38
3.0333874 39
2.7387679 40
2.7921991 41
2.667423 42
2.7564037 43
2.5396585 44
2.3323705 45
2.3403237 46
2.221592 47
2.2270083 48
2.1244943 49
2.2918851 50
2.2810318 51
2.21127 52
2.046363 53
1.9473877 54
1.9195269 55
2.0216386 56
1.8741407 57
1.9581335 58
1.8822057 59
1.854349 60
1.8886639 61
1.77934 62
2.0083582 63
1.7552487 64
1.6910831 65
1.9268658 66
2.101423 67
1.8112087 68
1.7795999 69
1.9347754 70
1.8251296 71
1.8415927 72
1.917671 73
1.8768592 74
1.8493255 75
1.7621645 76
1.6843839 77
1.8606613 78
1.6697761 79
1.7342219 80
1.8554611 81
1.5861806 82
1.8754585 83
1.7934134 84
1.979186 85
1.86772 86
1.6749252 87
1.5682467 88
1.6758275 89
1.7937665 90
1.6566448 91
1.672116 92
1.8626586 93
1.687504 94
1.5852013 95
1.5945644 96
1.7625499 97
1.5683882 98
1.5083728 99
1.6858907 100
1.8052676 101
1.7578089 102
1.7445071 103
1.6373537 104
1.550651 105
1.6949356 106
1.7509952 107
1.7916336 108
1.7166742 109
1.5068148 110
1.5122122 111
1.7216314 112
1.5707155 113
1.7695563 114
1.5762988 115
1.5397472 116
1.7818239 117
1.6756756 118
1.67895 119
1.5211239 120
1.5890707 121
1.5361483 122
1.690052 123
1.6508433 124
1.6847246 125
1.6365408 126
1.5002068 127
1.5076025 128
1.6687906 129
1.5833306 130
1.5960183 131
1.5978857 132
1.564564 133
1.5708231 134
1.593744 135
1.5834341 136
1.5301061 137
1.5545319 138
1.6283957 139
1.6066324 140
1.6174281 141
1.5336709 142
1.4823895 143
1.6058596 144
1.6001838 145
1.4628512 146
1.4170548 147
1.5408472 148
1.4483858 149
1.5404071 150
1.7760669 151
1.5879456 152
1.414959 153
1.4387317 154
1.5006577 155
1.4870923 156
1.483767 157
1.4377831 158
1.412619 159
1.5069296 160
1.474622 161
1.5667127 162
1.3842776 163
1.5026867 164
1.4250009 165
1.3293618 166
1.3764511 167
1.3535616 168
1.4157335 169
1.4402218 170
1.4774429 171
1.409278 172
1.3646976 173
1.338281 174
1.4382455 175
1.3607707 176
1.4510795 177
1.4720287 178
1.3821428 179
1.43594 180
1.241265 181
1.3980359 182
1.2051324 183
1.4010868 184
1.3347818 185
1.3128192 186
1.149026 187
1.3795117 188
1.2957377 189
1.1832176 190
1.3337623 191
1.2824069 192
1.315537 193
1.3318471 194
1.3426082 195
1.270494 196
1.2166274 197
1.1343547 198
1.3238271 199
1.2077762 200
1.2105185 201
1.2120453 202
1.2616012 203
1.0879383 204
1.0973593 205
1.0025373 206
1.0530396 207
1.0844462 208
0.99736476 209
1.0853523 210
1.1161255 211
1.051624 212
1.0063335 213
1.196407 214
1.0270922 215
0.91972214 216
0.96918255 217
1.0709277 218
0.9966772 219
0.99417746 220
1.0530256 221
0.9977385 222
1.0017136 223
0.9815757 224
0.95755756 225
1.0115484 226
1.0271622 227
1.0688002 228
0.96452683 229
0.9334889 230
1.0483948 231
0.9313791 232
0.9209564 233
1.0363146 234
1.0918651 235
0.95820796 236
1.009361 237
0.8932439 238
0.9864574 239
0.9845009 240
1.0374807 241
0.97870654 242
0.8448828 243
1.1561302 244
1.0450894 245
0.91507256 246
0.96653754 247
1.0130429 248
0.958363 249
0.9561651 250
1.0809181 251
0.91431636 252
0.816635 253
0.90641445 254
0.85549086 255
0.9568509 256
0.917896 257
0.9467324 258
0.8711985 259
1.0392853 260
0.98055494 261
0.8240618 262
0.9471869 263
0.91256636 264
0.84691554 265
0.9686838 266
0.98473376 267
0.862883 268
0.9214454 269
0.7227912 270
0.95847064 271
0.9524934 272
0.8805529 273
0.74337614 274
0.8784944 275
0.92472 276
0.83444977 277
0.84668434 278
0.83095074 279
0.8739935 280
0.82435405 281
0.8137124 282
0.75675863 283
0.8331703 284
0.9034123 285
0.8386827 286
0.77750546 287
0.8098859 288
0.80322164 289
0.7363913 290
0.7771906 291
0.8088815 292
0.815018 293
0.75451285 294
0.8513745 295
0.8144897 296
0.7684801 297
0.810704 298
0.8307566 299
0.7974955 300
0.8462251 301
0.82760906 302
0.828764 303
0.90117645 304
0.7413999 305
0.69238156 306
0.73273385 307
0.87803376 308
0.7788713 309
0.76735675 310
0.78938764 311
0.76571655 312
0.7727124 313
0.8665184 314
0.76936054 315
0.7951176 316
0.7807169 317
0.7058392 318
0.7976248 319
0.84886616 320
0.7193854 321
0.7527983 322
0.75968647 323
0.75772184 324
0.61285615 325
0.698161 326
0.7245914 327
0.7517392 328
0.7857588 329
0.72352916 330
0.80239594 331
0.7338701 332
0.6826747 333
0.76053685 334
0.8183101 335
0.7807868 336
0.7414842 337
0.7803056 338
0.73636985 339
0.7404355 340
0.75257826 341
0.7332225 342
0.76900923 343
0.6799658 344
0.82776296 345
0.7687117 346
0.7642246 347
0.7356938 348
0.7957539 349
0.76221466 350
0.6839456 351
0.7052095 352
0.75150406 353
0.8430435 354
0.6844509 355
0.7017038 356
0.70376515 357
0.73289883 358
0.7120639 359
0.73592 360
0.6974169 361
0.73263806 362
0.7244873 363
0.66049767 364
0.67629945 365
0.69307095 366
0.7071594 367
0.7223764 368
0.7232466 369
0.7503581 370
0.82454956 371
0.58387464 372
0.6455182 373
0.5864537 374
0.6807292 375
0.6556424 376
0.69250286 377
0.67251384 378
0.71001935 379
0.6882568 380
0.70906043 381
0.7324794 382
0.6425417 383
0.7177801 384
0.7051073 385
0.7908351 386
0.5807616 387
0.68779624 388
0.69515526 389
0.6354269 390
0.6081097 391
0.6495834 392
0.63264436 393
0.7447243 394
0.654288 395
0.59238195 396
0.6931308 397
0.6063959 398
0.6076235 399
0.6546683 400
0.5790889 401
0.6522714 402
0.72426194 403
0.64689344 404
0.64178365 405
0.64645714 406
0.615141 407
0.6314739 408
0.64751303 409
0.67085403 410
0.55753726 411
0.60967606 412
0.63128394 413
0.6637938 414
0.63139635 415
0.61166734 416
0.65065503 417
0.65014637 418
0.6126998 419
0.57123727 420
0.6473942 421
0.5700672 422
0.67843425 423
0.68832237 424
0.6771183 425
0.60835546 426
0.6496435 427
0.6195034 428
0.654328 429
0.62799615 430
0.60482675 431
0.7317116 432
0.6362641 433
0.57247734 434
0.61067617 435
0.6231248 436
0.6406559 437
0.65368634 438
0.5905316 439
0.68677884 440
0.63475865 441
0.62189996 442
0.6642105 443
0.6318155 444
0.6216564 445
0.61549866 446
0.6502272 447
0.59561116 448
0.63489383 449
0.6005009 450
0.6867148 451
0.6038457 452
0.5964968 453
0.6102235 454
0.60610986 455
0.6482352 456
0.5948795 457
0.57796156 458
0.5264091 459
0.61858743 460
0.5649871 461
0.63073206 462
0.5675126 463
0.5924977 464
0.6127844 465
0.58352566 466
0.5604717 467
0.53447014 468
0.5770162 469
0.6337141 470
0.64372677 471
0.5725355 472
0.62929744 473
0.57963485 474
0.54500747 475
0.63462436 476
0.5509504 477
0.6531337 478
0.5297483 479
0.604821 480
0.60142565 481
0.6265707 482
0.5459431 483
0.5561185 484
0.6006303 485
0.63041645 486
0.6742575 487
0.6452779 488
0.613872 489
0.6195375 490
0.6089943 491
0.56317556 492
0.5122251 493
0.678302 494
0.5568939 495
0.5877245 496
0.580353 497
0.55119866 498
0.5663081 499
0.5215455 500
0.5101877 501
0.51465565 502
0.5180446 503
0.64105976 504
0.6008924 505
0.58574027 506
0.5873601 507
0.59210294 508
0.527588 509
0.6622969 510
0.6059797 511
0.6421841 512
0.53227365 513
0.55273396 514
0.5704276 515
0.5664693 516
0.55374795 517
0.6188322 518
0.5606903 519
0.5517667 520
0.5156564 521
0.58381605 522
0.6234441 523
0.60795724 524
0.5595143 525
0.55532783 526
0.5779757 527
0.5782446 528
0.54006904 529
0.5159045 530
0.47976267 531
0.5753651 532
0.57442 533
0.48307106 534
0.59707457 535
0.5154595 536
0.501597 537
0.66119516 538
0.5359818 539
0.62885934 540
0.51498604 541
0.5289128 542
0.5705156 543
0.4821358 544
0.6023569 545
0.5569538 546
0.5061352 547
0.55256903 548
0.56839633 549
0.51561826 550
0.502978 551
0.5418974 552
0.51350254 553
0.51451206 554
0.5113942 555
0.5621414 556
0.52782017 557
0.54331094 558
0.54716474 559
0.51031846 560
0.5204584 561
0.54414976 562
0.5244504 563
0.53006524 564
0.50198483 565
0.5227739 566
0.5392945 567
0.5215339 568
0.4903231 569
0.46233863 570
0.5651557 571
0.5271407 572
0.51662666 573
0.58493096 574
0.53418094 575
0.5523001 576
0.5308967 577
0.5872726 578
0.50168175 579
0.5431964 580
0.567712 581
0.52402335 582
0.52309835 583
0.5348209 584
0.50171846 585
0.5114331 586
0.5173182 587
0.57854605 588
0.49682447 589
0.54969484 590
0.5449416 591
0.5504974 592
0.5446471 593
0.545752 594
0.4969167 595
0.5122482 596
0.5564836 597
0.49151406 598
0.47641036 599
0.45650184 600
0.5335827 601
0.5258893 602
0.49278778 603
0.44441068 604
0.48240766 605
0.55890435 606
0.4580519 607
0.46637475 608
0.48212165 609
0.495392 610
0.48277023 611
0.51910985 612
0.4769634 613
0.5569712 614
0.4363246 615
0.46207413 616
0.53651464 617
0.51083857 618
0.50415736 619
0.49911696 620
0.50254345 621
0.5555683 622
0.44277072 623
0.5107917 624
0.46918195 625
0.53336275 626
0.41466793 627
0.4851647 628
0.4346652 629
0.46066824 630
0.49521726 631
0.527739 632
0.5062237 633
0.5135242 634
0.473506 635
0.46738982 636
0.44704565 637
0.46671757 638
0.47525045 639
0.43074983 640
0.5006847 641
0.49522033 642
0.45370814 643
0.47409138 644
0.46432894 645
0.4331228 646
0.475057 647
0.4670835 648
0.49916813 649
0.49199164 650
0.46787718 651
0.46460003 652
0.4253344 653
0.4178594 654
0.44450203 655
0.48489004 656
0.5111157 657
0.45891356 658
0.48421496 659
0.48251304 660
0.44302437 661
0.485027 662
0.4427175 663
0.5081545 664
0.4973592 665
0.49549347 666
0.42652503 667
0.50584024 668
0.48840475 669
0.48073015 670
0.489013 671
0.4479997 672
0.47084594 673
0.45373935 674
0.4786296 675
0.5370919 676
0.44713348 677
0.49112076 678
0.42367625 679
0.48434442 680
0.4134909 681
0.4327349 682
0.46163893 683
0.47749594 684
0.4502034 685
0.46296802 686
0.40429363 687
0.45124048 688
0.51310897 689
0.5035838 690
0.46654484 691
0.43708766 692
0.44731566 693
0.52760065 694
0.45987988 695
0.4415914 696
0.39764512 697
0.5064505 698
0.43115854 699
0.4870723 700
0.44734713 701
0.43582663 702
0.4457794 703
0.45263374 704
0.420297 705
0.42230067 706
0.37568146 707
0.46351346 708
0.3997881 709
0.43668696 710
0.49017423 711
0.44541544 712
0.4770414 713
0.4575871 714
0.38995054 715
0.43249533 716
0.45648003 717
0.44390255 718
0.41856083 719
0.48792213 720
0.4316047 721
0.50870407 722
0.49290687 723
0.45418411 724
0.5078243 725
0.44264275 726
0.47607967 727
0.4602578 728
0.44608596 729
0.4160361 730
0.45795783 731
0.4636258 732
0.45502296 733
0.50382274 734
0.48624265 735
0.4225592 736
0.48261794 737
0.44910544 738
0.46623844 739
0.46155515 740
0.39855003 741
0.39171252 742
0.4774755 743
0.4078714 744
0.46282196 745
0.3956657 746
0.41943556 747
0.48208594 748
0.39863163 749
0.4160218 750
0.4228234 751
0.48343635 752
0.38241598 753
0.4634943 754
0.46624246 755
0.42151955 756
0.47267687 757
0.39558342 758
0.46291646 759
0.46993086 760
0.44663665 761
0.45632675 762
0.45841727 763
0.4399797 764
0.40527016 765
0.41801786 766
0.46981147 767
0.42834935 768
0.41316557 769
0.46058795 770
0.43411598 771
0.42771834 772
0.43151215 773
0.4281732 774
0.4278478 775
0.43180907 776
0.39133438 777
0.48425174 778
0.5205226 779
0.39699218 780
0.43133014 781
0.44294468 782
0.44792473 783
0.4311526 784
0.43019447 785
0.38491923 786
0.44892427 787
0.3789827 788
0.4300754 789
0.4016796 790
0.4520765 791
0.4883123 792
0.37416756 793
0.43001652 794
0.46727636 795
0.37921256 796
0.42596236 797
0.4426927 798
0.4903622 799
0.41044256 800
0.43717238 801
0.42825702 802
0.48508283 803
0.42746916 804
0.4390683 805
0.41375598 806
0.4243647 807
0.39237654 808
0.46553388 809
0.43537024 810
0.43832675 811
0.4424262 812
0.4195021 813
0.41163749 814
0.3812407 815
0.42265174 816
0.44556662 817
0.42069933 818
0.422716 819
0.42435715 820
0.38772666 821
0.416665 822
0.4158741 823
0.43693298 824
0.4381343 825
0.42115268 826
0.4313762 827
0.42497805 828
0.44505534 829
0.4524343 830
0.40361884 831
0.39391708 832
0.40288386 833
0.3951398 834
0.39316797 835
0.4456774 836
0.4364059 837
0.39900628 838
0.40429813 839
0.37030384 840
0.3928418 841
0.40572166 842
0.3918805 843
0.36794218 844
0.444047 845
0.41605827 846
0.4164421 847
0.41684073 848
0.4120555 849
0.4773035 850
0.39285544 851
0.39078584 852
0.4148801 853
0.41345465 854
0.36754036 855
0.40294415 856
0.42840305 857
0.399081 858
0.38878593 859
0.37476447 860
0.41670725 861
0.42298183 862
0.4032119 863
0.45441854 864
0.4719715 865
0.38585937 866
0.41482174 867
0.39551702 868
0.44046196 869
0.39947802 870
0.41711283 871
0.3942904 872
0.40248987 873
0.42299655 874
0.38121322 875
0.4407283 876
0.4261773 877
0.44210055 878
0.4073066 879
0.3987626 880
0.4003427 881
0.4123076 882
0.3861939 883
0.44039434 884
0.4176492 885
0.43931273 886
0.4377849 887
0.3986481 888
0.40793762 889
0.4224259 890
0.40756628 891
0.4228249 892
0.39219677 893
0.43509185 894
0.4461718 895
0.37018257 896
0.35190082 897
0.4185714 898
0.39788574 899
0.38782775 900
0.41298178 901
0.38294315 902
0.3836172 903
0.35780492 904
0.4234918 905
0.36996117 906
0.39456788 907
0.39959368 908
0.40334496 909
0.3288336 910
0.37460157 911
0.41804886 912
0.37106553 913
0.35301474 914
0.32935238 915
0.35730872 916
0.44369647 917
0.40940306 918
0.3659809 919
0.3416059 920
0.39116234 921
0.39009902 922
0.43078104 923
0.40428665 924
0.404331 925
0.40609077 926
0.41984725 927
0.3862716 928
0.36750194 929
0.41536534 930
0.40109664 931
0.38393095 932
0.38806877 933
0.38380575 934
0.3900859 935
0.41101366 936
0.35481447 937
0.37077063 938
0.34453446 939
0.35943475 940
0.3961885 941
0.395432 942
0.36745542 943
0.36875248 944
0.35574743 945
0.31018117 946
0.3731558 947
0.38763422 948
0.45443565 949
0.38593122 950
0.36425406 951
0.34423652 952
0.3454515 953
0.3646047 954
0.39183772 955
0.34406218 956
0.36662447 957
0.36189133 958
0.36996445 959
0.33550072 960
0.36532417 961
0.39193672 962
0.41541782 963
0.31397375 964
0.33953384 965
0.36777973 966
0.38466924 967
0.43541658 968
0.41468215 969
0.4009148 970
0.36086467 971
0.4211733 972
0.3709966 973
0.3849864 974
0.32621977 975
0.3457932 976
0.38285762 977
0.36654437 978
0.36087233 979
0.36035323 980
0.34919724 981
0.3993516 982
0.35286146 983
0.3851866 984
0.38796157 985
0.3219475 986
0.36177826 987
0.33746216 988
0.37942848 989
0.33679333 990
0.40611076 991
0.36720783 992
0.3610659 993
0.40389174 994
0.37326798 995
0.30297962 996
0.3390638 997
0.34425133 998
0.3426801 999
0.3763565 1000
0.40354168 1001
0.37563887 1002
0.34922087 1003
0.3558537 1004
0.3245216 1005
0.31013277 1006
0.34315696 1007
0.3844802 1008
0.3889725 1009
0.38161933 1010
0.38467956 1011
0.3748188 1012
0.35935163 1013
0.3249382 1014
0.35640112 1015
0.3603079 1016
0.3667745 1017
0.30726904 1018
0.33863166 1019
0.31539756 1020
0.3112522 1021
0.33179614 1022
0.35873502 1023
0.3486733 1024
0.35644767 1025
0.40603453 1026
0.40082204 1027
0.3312505 1028
0.41024238 1029
0.3664055 1030
0.3373059 1031
0.38859382 1032
0.35681847 1033
0.35185668 1034
0.34255043 1035
0.34595126 1036
0.3331691 1037
0.35285968 1038
0.31806967 1039
0.3690498 1040
0.36048675 1041
0.3579388 1042
0.33101723 1043
0.32684928 1044
0.3291084 1045
0.32464722 1046
0.3782429 1047
0.33661535 1048
0.33639747 1049
0.3786917 1050
0.33972198 1051
0.3657048 1052
0.3064533 1053
0.36565837 1054
0.35279754 1055
0.36328727 1056
0.3674459 1057
0.32271644 1058
0.32255125 1059
0.37980995 1060
0.31810904 1061
0.3173929 1062
0.33561963 1063
0.37754828 1064
0.36674172 1065
0.33479902 1066
0.33307478 1067
0.34874493 1068
0.33028907 1069
0.3383062 1070
0.3709801 1071
0.37887907 1072
0.3587964 1073
0.3513595 1074
0.34482956 1075
0.34685272 1076
0.40896338 1077
0.34447622 1078
0.37599716 1079
0.29735422 1080
0.34508103 1081
0.2866947 1082
0.31247494 1083
0.3932926 1084
0.3480882 1085
0.3570448 1086
0.36708373 1087
0.33547762 1088
0.3231136 1089
0.41619486 1090
0.33265883 1091
0.34714568 1092
0.3404142 1093
0.346184 1094
0.3290194 1095
0.30893332 1096
0.3225468 1097
0.331308 1098
0.27009428 1099
0.31208506 1100
0.3639537 1101
0.32338965 1102
0.3893974 1103
0.3287381 1104
0.32296583 1105
0.35110494 1106
0.31494647 1107
0.3421661 1108
0.37700114 1109
0.34492603 1110
0.34475952 1111
0.3293572 1112
0.29765823 1113
0.3353862 1114
0.32957596 1115
0.35403353 1116
0.30578023 1117
0.3805311 1118
0.31209177 1119
0.35165706 1120
0.30148894 1121
0.3354557 1122
0.30678174 1123
0.41399497 1124
0.29530436 1125
0.3532138 1126
0.3600418 1127
0.3463049 1128
0.29921988 1129
0.33323267 1130
0.30410835 1131
0.3925288 1132
0.36902755 1133
0.35401958 1134
0.3027652 1135
0.3073289 1136
0.36248335 1137
0.3145398 1138
0.32624325 1139
0.30620757 1140
0.38801396 1141
0.36000198 1142
0.31034032 1143
0.32780212 1144
0.3350276 1145
0.32906193 1146
0.3705746 1147
0.32903025 1148
0.36071402 1149
0.29421186 1150
0.37587807 1151
0.36603713 1152
0.35104737 1153
0.337596 1154
0.3461989 1155
0.3473735 1156
0.31343144 1157
0.2884594 1158
0.34312052 1159
0.3076807 1160
0.31049415 1161
0.30754468 1162
0.3127 1163
0.3142392 1164
0.35528076 1165
0.36811233 1166
0.29680395 1167
0.30713654 1168
0.31190357 1169
0.3862275 1170
0.32867453 1171
0.31976488 1172
0.29813105 1173
0.32558298 1174
0.33341333 1175
0.35468477 1176
0.35985404 1177
0.3123387 1178
0.3121743 1179
0.31492543 1180
0.2715072 1181
0.37383637 1182
0.3169173 1183
0.29600608 1184
0.29641402 1185
0.3278765 1186
0.29027662 1187
0.3521451 1188
0.31078398 1189
0.3534548 1190
0.30291477 1191
0.31242833 1192
0.33240563 1193
0.30795524 1194
0.31110266 1195
0.316092 1196
0.32600883 1197
0.33462393 1198
0.36874554 1199
0.3131775 1200
0.30667338 1201
0.37539226 1202
0.299013 1203
0.40672523 1204
0.2960501 1205
0.34649697 1206
0.3021409 1207
0.31134108 1208
0.34299216 1209
0.29460007 1210
0.34321922 1211
0.3768714 1212
0.35585457 1213
0.31330922 1214
0.31962723 1215
0.34684303 1216
0.3540609 1217
0.33356738 1218
0.37727043 1219
0.34798437 1220
0.33775008 1221
0.3095407 1222
0.2906929 1223
0.34653085 1224
0.31096348 1225
0.29859918 1226
0.31447658 1227
0.3050975 1228
0.33781683 1229
0.3155644 1230
0.31170994 1231
0.3456127 1232
0.30958542 1233
0.33126053 1234
0.3071044 1235
0.30774793 1236
0.33684364 1237
0.30514696 1238
0.33821914 1239
0.34753856 1240
0.2934531 1241
0.3166185 1242
0.32448834 1243
0.30527687 1244
0.33298582 1245
0.2978235 1246
0.31250516 1247
0.34248677 1248
0.27875087 1249
0.2618152 1250
0.30988258 1251
0.27527645 1252
0.3330193 1253
0.31421575 1254
0.30776167 1255
0.3383856 1256
0.34873882 1257
0.32148156 1258
0.32836258 1259
0.33550984 1260
0.29353657 1261
0.30085412 1262
0.29544574 1263
0.2896413 1264
0.33353472 1265
0.29124367 1266
0.29646233 1267
0.3185746 1268
0.3131421 1269
0.28142983 1270
0.31764227 1271
0.32426047 1272
0.30971134 1273
0.28196236 1274
0.30076262 1275
0.31366864 1276
0.30865508 1277
0.33440718 1278
0.29683018 1279
0.30319872 1280
0.322593 1281
0.3114505 1282
0.2685259 1283
0.32022938 1284
0.32985598 1285
0.28779638 1286
0.31853852 1287
0.31391117 1288
0.34976837 1289
0.3029646 1290
0.28130013 1291
0.2878156 1292
0.29359394 1293
0.29591247 1294
0.33428812 1295
0.290015 1296
0.3122962 1297
0.3127734 1298
0.31128058 1299
0.32016417 1300
0.29908323 1301
0.30176958 1302
0.30754766 1303
0.30684748 1304
0.2964613 1305
0.3150252 1306
0.30979434 1307
0.33104268 1308
0.3423503 1309
0.29815254 1310
0.33330458 1311
0.33105844 1312
0.29625002 1313
0.29919577 1314
0.28855208 1315
0.30807963 1316
0.28526276 1317
0.29347157 1318
0.30893862 1319
0.3087683 1320
0.34208405 1321
0.3360961 1322
0.30641186 1323
0.3510564 1324
0.3083821 1325
0.31001854 1326
0.32790345 1327
0.30333942 1328
0.30189198 1329
0.3345811 1330
0.3047673 1331
0.32985362 1332
0.30129975 1333
0.3008965 1334
0.39499775 1335
0.31417492 1336
0.3239282 1337
0.2784196 1338
0.32213545 1339
0.28931552 1340
0.30130413 1341
0.30360386 1342
0.29480654 1343
0.28941464 1344
0.2779639 1345
0.29032046 1346
0.31767496 1347
0.2983657 1348
0.2746268 1349
0.30951804 1350
0.30317095 1351
0.25843433 1352
0.3184898 1353
0.29573435 1354
0.28078082 1355
0.29075563 1356
0.27670127 1357
0.30503342 1358
0.34022638 1359
0.24951458 1360
0.2675609 1361
0.31098604 1362
0.27750382 1363
0.29358464 1364
0.28974488 1365
0.27798417 1366
0.3094562 1367
0.33156523 1368
0.28636837 1369
0.31105858 1370
0.27719852 1371
0.33668837 1372
0.2886965 1373
0.29584026 1374
0.28147766 1375
0.3263317 1376
0.27385452 1377
0.2972018 1378
0.28570694 1379
0.27464053 1380
0.27252296 1381
0.31581166 1382
0.30098602 1383
0.2711074 1384
0.28304628 1385
0.28898802 1386
0.27061993 1387
0.2835074 1388
0.30410126 1389
0.29295585 1390
0.29694876 1391
0.27489457 1392
0.27762237 1393
0.2940535 1394
0.29126638 1395
0.28978574 1396
0.2801509 1397
0.3112761 1398
0.29840785 1399
0.26198038 1400
0.31759942 1401
0.3032689 1402
0.29967323 1403
0.2946248 1404
0.29626933 1405
0.26433772 1406
0.28926566 1407
0.27523726 1408
0.24922103 1409
0.29262555 1410
0.25048646 1411
0.29419327 1412
0.3346157 1413
0.3109722 1414
0.27712923 1415
0.2701999 1416
0.2841642 1417
0.3219285 1418
0.25042355 1419
0.27630123 1420
0.29149348 1421
0.25865656 1422
0.2731501 1423
0.30489534 1424
0.28171146 1425
0.28821072 1426
0.28277227 1427
0.28158313 1428
0.2696698 1429
0.2635493 1430
0.2691427 1431
0.3043058 1432
0.2789944 1433
0.31932026 1434
0.31630936 1435
0.29542318 1436
0.24472506 1437
0.29326314 1438
0.27278852 1439
0.26812285 1440
0.3076887 1441
0.2817143 1442
0.26993862 1443
0.29351512 1444
0.2921582 1445
0.29703113 1446
0.29748192 1447
0.25254896 1448
0.31045526 1449
0.28302017 1450
0.3055019 1451
0.26953974 1452
0.2621907 1453
0.31642956 1454
0.29771128 1455
0.29339933 1456
0.26195022 1457
0.27833736 1458
0.2691231 1459
0.23204271 1460
0.28728926 1461
0.24962707 1462
0.2595909 1463
0.3206894 1464
0.27685073 1465
0.26589853 1466
0.30077374 1467
0.28221905 1468
0.2744821 1469
0.29635233 1470
0.28971565 1471
0.28294486 1472
0.28027567 1473
0.30907914 1474
0.29937145 1475
0.27563444 1476
0.2632244 1477
0.32406157 1478
0.30441228 1479
0.29119202 1480
0.28157607 1481
0.31121692 1482
0.2631595 1483
0.29044804 1484
0.3036241 1485
0.25644735 1486
0.33881092 1487
0.30407244 1488
0.26869637 1489
0.3018092 1490
0.25007397 1491
0.25101292 1492
0.26780805 1493
0.2993565 1494
0.28825808 1495
0.26549506 1496
0.2992979 1497
0.29708666 1498
0.30489284 1499
0.30729795 1500
0.287592 1501
0.27229458 1502
0.31850982 1503
0.2721166 1504
0.26050022 1505
0.25453752 1506
0.28752807 1507
0.26374292 1508
0.2634062 1509
0.27437297 1510
0.29141083 1511
0.29760283 1512
0.25015974 1513
0.26315612 1514
0.2984388 1515
0.27441594 1516
0.3204527 1517
0.33466342 1518
0.26918373 1519
0.32256648 1520
0.27867308 1521
0.29875195 1522
0.2675459 1523
0.2715299 1524
0.33589405 1525
0.30466196 1526
0.2874583 1527
0.34420848 1528
0.28361508 1529
0.3013392 1530
0.2796037 1531
0.31500012 1532
0.2611816 1533
0.27698725 1534
0.32397908 1535
0.27129307 1536
0.25066388 1537
0.29295567 1538
0.25511625 1539
0.27102846 1540
0.24940684 1541
0.2559511 1542
0.29357132 1543
0.3145788 1544
0.2822562 1545
0.27351302 1546
0.24279438 1547
0.26834795 1548
0.28322136 1549
0.28914246 1550
0.31488064 1551
0.28662154 1552
0.26052615 1553
0.27247873 1554
0.26813242 1555
0.28683677 1556
0.25178704 1557
0.26814476 1558
0.25158578 1559
0.32045016 1560
0.26918477 1561
0.26043054 1562
0.30666453 1563
0.2656677 1564
0.25062254 1565
0.25796348 1566
0.25276238 1567
0.2789546 1568
0.28694397 1569
0.23966429 1570
0.27198634 1571
0.2737244 1572
0.28403255 1573
0.2876906 1574
0.2537295 1575
0.2923902 1576
0.2717766 1577
0.24706425 1578
0.2706053 1579
0.26352784 1580
0.26789987 1581
0.2794875 1582
0.23286645 1583
0.22822759 1584
0.23419239 1585
0.28834853 1586
0.25825498 1587
0.28669134 1588
0.290097 1589
0.26535973 1590
0.2649465 1591
0.23291557 1592
0.26878178 1593
0.27675724 1594
0.2646325 1595
0.30248797 1596
0.25752005 1597
0.26296812 1598
0.24833532 1599
0.2665285 1600
0.26618466 1601
0.2399042 1602
0.28068715 1603
0.23859866 1604
0.31099877 1605
0.27362978 1606
0.24391262 1607
0.2662652 1608
0.25011203 1609
0.24426049 1610
0.29527366 1611
0.2334838 1612
0.28275147 1613
0.27268353 1614
0.3153745 1615
0.26234823 1616
0.24896203 1617
0.26812103 1618
0.2756833 1619
0.25327852 1620
0.24682896 1621
0.25475883 1622
0.28735963 1623
0.25297853 1624
0.28005114 1625
0.27876294 1626
0.23724754 1627
0.26985967 1628
0.27387217 1629
0.2737144 1630
0.28030846 1631
0.26332378 1632
0.2619664 1633
0.300326 1634
0.29194784 1635
0.28033802 1636
0.30662718 1637
0.2674671 1638
0.2495702 1639
0.28364956 1640
0.25344816 1641
0.25685433 1642
0.2569581 1643
0.31155816 1644
0.25099665 1645
0.26691595 1646
0.24612379 1647
0.24086735 1648
0.24974097 1649
0.28812122 1650
0.2711504 1651
0.25175563 1652
0.27805293 1653
0.30399013 1654
0.24455106 1655
0.24804585 1656
0.24032459 1657
0.25393108 1658
0.2555474 1659
0.21230686 1660
0.24740602 1661
0.2729435 1662
0.3016096 1663
0.21318936 1664
0.26028013 1665
0.26438 1666
0.2509441 1667
0.25371906 1668
0.2433089 1669
0.27033818 1670
0.2525997 1671
0.2726932 1672
0.2222837 1673
0.26273167 1674
0.25922918 1675
0.23596378 1676
0.23966984 1677
0.2809728 1678
0.286433 1679
0.27470368 1680
0.2422674 1681
0.26582688 1682
0.23907398 1683
0.26961026 1684
0.2621566 1685
0.30088302 1686
0.27560064 1687
0.246311 1688
0.2611748 1689
0.2408577 1690
0.28664672 1691
0.2478297 1692
0.2499065 1693
0.24323589 1694
0.26958823 1695
0.28522018 1696
0.2545127 1697
0.28589132 1698
0.27678013 1699
0.27306014 1700
0.2452627 1701
0.28466088 1702
0.22148776 1703
0.22448052 1704
0.26707062 1705
0.2846014 1706
0.25590792 1707
0.25413743 1708
0.2443888 1709
0.25134543 1710
0.26845083 1711
0.22731552 1712
0.22794037 1713
0.26892933 1714
0.23436157 1715
0.2516082 1716
0.24749367 1717
0.22567533 1718
0.28390422 1719
0.25062668 1720
0.22412547 1721
0.27465588 1722
0.24010547 1723
0.25495896 1724
0.25946388 1725
0.25649193 1726
0.27349538 1727
0.24380904 1728
0.3005383 1729
0.26454878 1730
0.2655014 1731
0.24836333 1732
0.23904093 1733
0.23914984 1734
0.25372672 1735
0.23573607 1736
0.23922631 1737
0.26374313 1738
0.22024783 1739
0.2792804 1740
0.25101414 1741
0.30377728 1742
0.24557067 1743
0.2490842 1744
0.27116585 1745
0.25020617 1746
0.24754755 1747
0.25885573 1748
0.241217 1749
0.23429063 1750
0.22801869 1751
0.24056388 1752
0.24803634 1753
0.23219778 1754
0.2659449 1755
0.24889289 1756
0.23114063 1757
0.23913094 1758
0.24977832 1759
0.25030753 1760
0.27301493 1761
0.24014395 1762
0.25106227 1763
0.2459484 1764
0.21722156 1765
0.23396952 1766
0.25703296 1767
0.25048682 1768
0.25702006 1769
0.27735376 1770
0.28131717 1771
0.25789586 1772
0.30169353 1773
0.23371342 1774
0.24964915 1775
0.25799522 1776
0.2412281 1777
0.2503337 1778
0.27335835 1779
0.24606708 1780
0.2506261 1781
0.25719246 1782
0.228326 1783
0.23788467 1784
0.2597371 1785
0.26152858 1786
0.24588756 1787
0.2554039 1788
0.2861708 1789
0.22425324 1790
0.24426952 1791
0.24268256 1792
0.2390248 1793
0.2320368 1794
0.2517376 1795
0.21037337 1796
0.23330791 1797
0.28316662 1798
0.23111816 1799
0.24592362 1800
0.22198775 1801
0.28028846 1802
0.23091827 1803
0.25037828 1804
0.2518367 1805
0.273325 1806
0.21430801 1807
0.26781386 1808
0.23892038 1809
0.24917392 1810
0.24892679 1811
0.2907932 1812
0.2334717 1813
0.2427721 1814
0.26481745 1815
0.25172484 1816
0.26521975 1817
0.23557885 1818
0.2690417 1819
0.28123924 1820
0.27335736 1821
0.25471455 1822
0.22988176 1823
0.24683857 1824
0.2494052 1825
0.26716673 1826
0.2635721 1827
0.2482563 1828
0.2887936 1829
0.2052748 1830
0.2572499 1831
0.23162372 1832
0.27896622 1833
0.28416863 1834
0.2565586 1835
0.2389735 1836
0.2678213 1837
0.23261882 1838
0.23509078 1839
0.24069571 1840
0.2195239 1841
0.26545978 1842
0.25172114 1843
0.25377166 1844
0.20186122 1845
0.24322803 1846
0.22588097 1847
0.23941043 1848
0.25014898 1849
0.303239 1850
0.22564656 1851
0.24679458 1852
0.21296693 1853
0.2671211 1854
0.25382307 1855
0.25853747 1856
0.23399061 1857
0.2629425 1858
0.25401774 1859
0.26547024 1860
0.23991577 1861
0.25028938 1862
0.26498896 1863
0.27707228 1864
0.23167133 1865
0.24573344 1866
0.2613082 1867
0.22101383 1868
0.20782386 1869
0.23449539 1870
0.23102744 1871
0.24569122 1872
0.24173336 1873
0.24910295 1874
0.23038633 1875
0.24546708 1876
0.22596245 1877
0.24926263 1878
0.2365018 1879
0.23936301 1880
0.21186496 1881
0.2338313 1882
0.21737936 1883
0.21533483 1884
0.21187995 1885
0.25323993 1886
0.21783336 1887
0.25652474 1888
0.22500975 1889
0.2585372 1890
0.25888124 1891
0.23100589 1892
0.21402007 1893
0.24224119 1894
0.21749538 1895
0.23665887 1896
0.19870861 1897
0.23091906 1898
0.2637265 1899
0.22207071 1900
0.21740597 1901
0.23250172 1902
0.203734 1903
0.23722126 1904
0.2538587 1905
0.24424249 1906
0.23598091 1907
0.21485908 1908
0.2308409 1909
0.21918716 1910
0.20334409 1911
0.23304267 1912
0.25345066 1913
0.22263053 1914
0.2432217 1915
0.23265952 1916
0.23334636 1917
0.24335583 1918
0.23246916 1919
0.23799151 1920
0.25050497 1921
0.21918368 1922
0.23131026 1923
0.22363739 1924
0.2557022 1925
0.24053134 1926
0.21499771 1927
0.23190369 1928
0.23078953 1929
0.25933182 1930
0.20524359 1931
0.21103331 1932
0.21605594 1933
0.25691515 1934
0.22982788 1935
0.21295592 1936
0.24205314 1937
0.2697859 1938
0.24890451 1939
0.22156583 1940
0.23678212 1941
0.23888344 1942
0.21564552 1943
0.24003658 1944
0.24134032 1945
0.21518952 1946
0.23576427 1947
0.22053625 1948
0.2503064 1949
0.23189743 1950
0.21438037 1951
0.2756382 1952
0.21869227 1953
0.21853456 1954
0.22833554 1955
0.23322272 1956
0.23512127 1957
0.22989386 1958
0.26072073 1959
0.26258498 1960
0.21855806 1961
0.22177464 1962
0.2417311 1963
0.21824816 1964
0.22742438 1965
0.20848587 1966
0.26019856 1967
0.22600584 1968
0.24595615 1969
0.2187022 1970
0.24219726 1971
0.24029802 1972
0.22778377 1973
0.2385466 1974
0.2686006 1975
0.21190892 1976
0.2381324 1977
0.21548523 1978
0.22119205 1979
0.20263614 1980
0.24218513 1981
0.22502308 1982
0.23642635 1983
0.19700234 1984
0.22997442 1985
0.26398048 1986
0.26579422 1987
0.23561813 1988
0.26470393 1989
0.20571119 1990
0.24104255 1991
0.211629 1992
0.21612358 1993
0.24521664 1994
0.22395481 1995
0.22530101 1996
0.24642244 1997
0.23313336 1998
0.2582985 1999
0.232481 2000
0.21286327 2001
0.21769933 2002
0.24245225 2003
0.20772302 2004
0.199374 2005
0.2525824 2006
0.2324451 2007
0.21098167 2008
0.26792744 2009
0.20757 2010
0.24886465 2011
0.21594776 2012
0.23900989 2013
0.22628063 2014
0.21912713 2015
0.22185497 2016
0.25586835 2017
0.23172933 2018
0.21754546 2019
0.24425213 2020
0.2364521 2021
0.23617496 2022
0.24053489 2023
0.22055049 2024
0.24513172 2025
0.20409971 2026
0.22123039 2027
0.21266612 2028
0.26568472 2029
0.227462 2030
0.25180802 2031
0.25197333 2032
0.22688058 2033
0.20178318 2034
0.21567996 2035
0.20787445 2036
0.22043693 2037
0.2512681 2038
0.21921091 2039
0.25555113 2040
0.1915155 2041
0.24722633 2042
0.23863646 2043
0.24154563 2044
0.21777862 2045
0.22685668 2046
0.24404828 2047
0.2452586 2048
0.23604536 2049
0.24183276 2050
0.23079124 2051
0.23184238 2052
0.2046458 2053
0.2283819 2054
0.23898044 2055
0.24022165 2056
0.22687565 2057
0.26637962 2058
0.19507477 2059
0.21018028 2060
0.23799108 2061
0.20629221 2062
0.21258213 2063
0.22502361 2064
0.20368885 2065
0.23475654 2066
0.22094566 2067
0.20704047 2068
0.21313296 2069
0.18389171 2070
0.209636 2071
0.19529432 2072
0.26919296 2073
0.2275819 2074
0.23174116 2075
0.23993847 2076
0.23003294 2077
0.2444095 2078
0.20773506 2079
0.20524134 2080
0.1980867 2081
0.21164486 2082
0.20653133 2083
0.22646047 2084
0.25180054 2085
0.21965054 2086
0.24518524 2087
0.20202768 2088
0.20684005 2089
0.20855018 2090
0.2164855 2091
0.22125956 2092
0.22931843 2093
0.22392172 2094
0.21524104 2095
0.2404036 2096
0.2227946 2097
0.23024566 2098
0.1845819 2099
0.21899673 2100
0.24429157 2101
0.20750488 2102
0.24036376 2103
0.24121507 2104
0.22763842 2105
0.2201831 2106
0.21635832 2107
0.23054709 2108
0.21517546 2109
0.24573337 2110
0.2913994 2111
0.23182361 2112
0.21263546 2113
0.24784955 2114
0.27693176 2115
0.22901577 2116
0.25646716 2117
0.18743087 2118
0.22348592 2119
0.20911975 2120
0.21703668 2121
0.23915553 2122
0.2579713 2123
0.22752178 2124
0.21023233 2125
0.22666164 2126
0.24624483 2127
0.22700189 2128
0.24166016 2129
0.22866903 2130
0.2319586 2131
0.22649379 2132
0.1932838 2133
0.2289088 2134
0.23838972 2135
0.22834717 2136
0.21339127 2137
0.19441536 2138
0.2159689 2139
0.21342817 2140
0.22286998 2141
0.21455614 2142
0.1952465 2143
0.22652961 2144
0.18472515 2145
0.20198669 2146
0.22263347 2147
0.21130797 2148
0.21065319 2149
0.24842109 2150
0.23985474 2151
0.21843846 2152
0.22550344 2153
0.20458618 2154
0.21229392 2155
0.2291912 2156
0.1979737 2157
0.2087712 2158
0.21457565 2159
0.24436495 2160
0.21781757 2161
0.21678756 2162
0.23296207 2163
0.21754517 2164
0.24081531 2165
0.18872605 2166
0.2160365 2167
0.20004421 2168
0.21794303 2169
0.20890537 2170
0.26844808 2171
0.21807845 2172
0.17359792 2173
0.2197675 2174
0.22304402 2175
0.22612593 2176
0.19698215 2177
0.21740802 2178
0.21009749 2179
0.22422774 2180
0.20930007 2181
0.21069288 2182
0.18868661 2183
0.2184718 2184
0.20403463 2185
0.19841827 2186
0.24177553 2187
0.24220777 2188
0.23034017 2189
0.22570877 2190
0.22300951 2191
0.21182817 2192
0.20132385 2193
0.20569147 2194
0.24777456 2195
0.19526462 2196
0.22636086 2197
0.1720952 2198
0.20418821 2199
0.21888603 2200
0.21655498 2201
0.19656321 2202
0.21530071 2203
0.22511445 2204
0.20482746 2205
0.21667549 2206
0.2425348 2207
0.21569347 2208
0.2382683 2209
0.22489502 2210
0.20315555 2211
0.2612907 2212
0.25422695 2213
0.20144677 2214
0.2162917 2215
0.22699592 2216
0.21547657 2217
0.22460382 2218
0.24848384 2219
0.19675884 2220
0.18565777 2221
0.21053536 2222
0.195008 2223
0.1998573 2224
0.17730209 2225
0.23046273 2226
0.21528435 2227
0.22396785 2228
0.21960033 2229
0.21860276 2230
0.22456047 2231
0.19190791 2232
0.24264963 2233
0.21736805 2234
0.22344343 2235
0.2089343 2236
0.21701926 2237
0.22562462 2238
0.25063387 2239
0.20752396 2240
0.2095399 2241
0.20369618 2242
0.2322898 2243
0.20147842 2244
0.20169587 2245
0.1957975 2246
0.22714166 2247
0.21918052 2248
0.19215041 2249
0.20849578 2250
0.22468702 2251
0.20822969 2252
0.20219089 2253
0.2300899 2254
0.19792236 2255
0.21411224 2256
0.19676551 2257
0.20242326 2258
0.2112664 2259
0.19640811 2260
0.23446357 2261
0.20146617 2262
0.2278012 2263
0.19031219 2264
0.19143754 2265
0.19596355 2266
0.21427925 2267
0.21819484 2268
0.21204668 2269
0.17239937 2270
0.20560008 2271
0.18328041 2272
0.18643624 2273
0.24134438 2274
0.2229938 2275
0.20632675 2276
0.21306549 2277
0.2235358 2278
0.21009949 2279
0.25436294 2280
0.21527897 2281
0.186181 2282
0.19620933 2283
0.2062177 2284
0.21281041 2285
0.18916374 2286
0.21835473 2287
0.193723 2288
0.19803062 2289
0.22759733 2290
0.21440281 2291
0.2338052 2292
0.1960871 2293
0.24659282 2294
0.18534783 2295
0.21814519 2296
0.21029449 2297
0.24925189 2298
0.19138643 2299
0.22797875 2300
0.2328948 2301
0.20914283 2302
0.20937021 2303
0.18923305 2304
0.21650672 2305
0.20244832 2306
0.21925743 2307
0.20323218 2308
0.20441423 2309
0.22320662 2310
0.19582044 2311
0.19471852 2312
0.21097493 2313
0.1716092 2314
0.18147545 2315
0.21417414 2316
0.21032043 2317
0.20176905 2318
0.21836166 2319
0.21435596 2320
0.21112278 2321
0.18574661 2322
0.21808192 2323
0.21137169 2324
0.19971712 2325
0.21740676 2326
0.16612701 2327
0.19857919 2328
0.20662048 2329
0.19906184 2330
0.20018224 2331
0.21395503 2332
0.19999504 2333
0.1872809 2334
0.22000034 2335
0.23712707 2336
0.22457774 2337
0.2236043 2338
0.22782238 2339
0.19854297 2340
0.21567458 2341
0.1967507 2342
0.17166747 2343
0.2164738 2344
0.22217737 2345
0.22501905 2346
0.1949004 2347
0.22211975 2348
0.20855403 2349
0.23660469 2350
0.19954896 2351
0.2241863 2352
0.22388901 2353
0.20162441 2354
0.19156422 2355
0.2258607 2356
0.20396458 2357
0.19272567 2358
0.21709678 2359
0.22984508 2360
0.2044182 2361
0.22241844 2362
0.2066451 2363
0.20713487 2364
0.218059 2365
0.1970645 2366
0.2061983 2367
0.21846077 2368
0.1929578 2369
0.19441125 2370
0.19728187 2371
0.20423578 2372
0.18673976 2373
0.192628 2374
0.23277934 2375
0.19788238 2376
0.19185382 2377
0.2196091 2378
0.21854472 2379
0.23863347 2380
0.19502895 2381
0.18425643 2382
0.2100926 2383
0.23595014 2384
0.20258753 2385
0.20512322 2386
0.21551742 2387
0.21886455 2388
0.1842614 2389
0.18381831 2390
0.19547214 2391
0.21031196 2392
0.20152447 2393
0.20716518 2394
0.17975102 2395
0.22481225 2396
0.19484943 2397
0.20417124 2398
0.16993313 2399
0.21199378 2400
0.21444406 2401
0.1756367 2402
0.23258872 2403
0.17767929 2404
0.23781219 2405
0.17930721 2406
0.18225463 2407
0.2072459 2408
0.1996875 2409
0.21786827 2410
0.20673782 2411
0.19000655 2412
0.21730357 2413
0.21609657 2414
0.20396233 2415
0.19329564 2416
0.23453033 2417
0.19687745 2418
0.21375701 2419
0.20961155 2420
0.22783759 2421
0.19040619 2422
0.21619579 2423
0.2132224 2424
0.21287164 2425
0.19208911 2426
0.21784198 2427
0.20450817 2428
0.2348296 2429
0.20152794 2430
0.2027793 2431
0.22213604 2432
0.18900418 2433
0.19048461 2434
0.21306808 2435
0.17806011 2436
0.1959161 2437
0.20691419 2438
0.2249117 2439
0.2028045 2440
0.19501522 2441
0.18321082 2442
0.22213525 2443
0.19753268 2444
0.20312029 2445
0.19635092 2446
0.20766889 2447
0.2220833 2448
0.18068011 2449
0.19411002 2450
0.21182731 2451
0.22032863 2452
0.1949707 2453
0.20585635 2454
0.20840915 2455
0.203201 2456
0.21742249 2457
0.20716415 2458
0.19583368 2459
0.17431125 2460
0.19983995 2461
0.1918972 2462
0.216286 2463
0.1996706 2464
0.1821955 2465
0.20652 2466
0.19899626 2467
0.1895165 2468
0.20283487 2469
0.21231872 2470
0.19748418 2471
0.21099366 2472
0.19261143 2473
0.19591415 2474
0.16893281 2475
0.23694713 2476
0.20134449 2477
0.22170216 2478
0.20956717 2479
0.16891551 2480
0.18131222 2481
0.18786901 2482
0.17460556 2483
0.18306708 2484
0.1804815 2485
0.19536777 2486
0.18087375 2487
0.2015227 2488
0.17672808 2489
0.21761973 2490
0.18989027 2491
0.22413543 2492
0.18145697 2493
0.21342026 2494
0.20055747 2495
0.21861751 2496
0.19031177 2497
0.21019936 2498
0.17684558 2499
0.20743155 2500
0.19916554 2501
0.21035106 2502
0.19146973 2503
0.18077838 2504
0.222968 2505
0.18104213 2506
0.21531071 2507
0.20321514 2508
0.20144191 2509
0.21539997 2510
0.23358308 2511
0.18513815 2512
0.19885322 2513
0.20925361 2514
0.189994 2515
0.19451144 2516
0.1941249 2517
0.17133337 2518
0.21153694 2519
0.19928987 2520
0.1883847 2521
0.19064774 2522
0.22566962 2523
0.17495254 2524
0.19624512 2525
0.1743013 2526
0.19311295 2527
0.18143669 2528
0.21118957 2529
0.17329022 2530
0.19386744 2531
0.19201642 2532
0.187999 2533
0.21199337 2534
0.18742244 2535
0.21803524 2536
0.22052942 2537
0.18972546 2538
0.19604431 2539
0.20218505 2540
0.18550602 2541
0.17115456 2542
0.1974302 2543
0.19308941 2544
0.18335308 2545
0.20059757 2546
0.18148817 2547
0.21552327 2548
0.17358391 2549
0.19106948 2550
0.18462113 2551
0.20726798 2552
0.19427016 2553
0.18645969 2554
0.20241277 2555
0.20736375 2556
0.18495716 2557
0.22141545 2558
0.19883831 2559
0.19745398 2560
0.20545267 2561
0.19189014 2562
0.18643 2563
0.18550807 2564
0.17009558 2565
0.18373409 2566
0.21031885 2567
0.20323545 2568
0.21321255 2569
0.16163073 2570
0.21093933 2571
0.18445432 2572
0.16536316 2573
0.20834 2574
0.20394368 2575
0.19407254 2576
0.20175622 2577
0.21480472 2578
0.22084564 2579
0.20038204 2580
0.19605239 2581
0.17546482 2582
0.20981573 2583
0.22107126 2584
0.17318432 2585
0.1894327 2586
0.205075 2587
0.19833891 2588
0.18714929 2589
0.1914211 2590
0.2086451 2591
0.2093215 2592
0.17849503 2593
0.17788574 2594
0.21028575 2595
0.18362398 2596
0.1633519 2597
0.1831176 2598
0.19663963 2599
0.19299118 2600
0.1878788 2601
0.22808582 2602
0.20891404 2603
0.19442537 2604
0.19300641 2605
0.1758297 2606
0.17848888 2607
0.22322267 2608
0.22330815 2609
0.1918902 2610
0.19337784 2611
0.1808849 2612
0.19966656 2613
0.20542651 2614
0.19854091 2615
0.17631081 2616
0.20322818 2617
0.16832776 2618
0.1703589 2619
0.20370913 2620
0.18995751 2621
0.19761546 2622
0.19630851 2623
0.20328668 2624
0.24824718 2625
0.21102466 2626
0.16044684 2627
0.20599633 2628
0.2141159 2629
0.19762266 2630
0.1881657 2631
0.21341823 2632
0.17740512 2633
0.16263989 2634
0.1679845 2635
0.21935508 2636
0.16923901 2637
0.19910164 2638
0.17855464 2639
0.16633026 2640
0.17337862 2641
0.15712413 2642
0.19895332 2643
0.16944721 2644
0.1734541 2645
0.18250766 2646
0.16226721 2647
0.182348 2648
0.1697362 2649
0.19427104 2650
0.17038412 2651
0.16734399 2652
0.19930625 2653
0.17478622 2654
0.20937228 2655
0.21605748 2656
0.20207599 2657
0.17679176 2658
0.18950763 2659
0.16560145 2660
0.18769804 2661
0.17194961 2662
0.19314945 2663
0.16599052 2664
0.18561207 2665
0.19680649 2666
0.17351706 2667
0.21625131 2668
0.18595943 2669
0.2029491 2670
0.20994197 2671
0.16821074 2672
0.20065875 2673
0.17875198 2674
0.18641487 2675
0.19428559 2676
0.15776502 2677
0.17011425 2678
0.1559128 2679
0.19361143 2680
0.19671504 2681
0.21777667 2682
0.1903849 2683
0.17764874 2684
0.18359978 2685
0.15975556 2686
0.1657185 2687
0.1865718 2688
0.1876139 2689
0.21570091 2690
0.22390908 2691
0.19696884 2692
0.1820165 2693
0.19804274 2694
0.17300907 2695
0.20491184 2696
0.16515788 2697
0.18101005 2698
0.17195114 2699
0.23168437 2700
0.19754645 2701
0.1761932 2702
0.17892796 2703
0.20388149 2704
0.19356622 2705
0.16110511 2706
0.19983146 2707
0.17290796 2708
0.18189427 2709
0.1824937 2710
0.17725362 2711
0.22888324 2712
0.1818741 2713
0.16620679 2714
0.1914757 2715
0.19197318 2716
0.18268241 2717
0.19029446 2718
0.16058704 2719
0.17553012 2720
0.18683448 2721
0.17076707 2722
0.188474 2723
0.16368712 2724
0.16775766 2725
0.16998096 2726
0.18527307 2727
0.18620832 2728
0.16696143 2729
0.20427671 2730
0.18870519 2731
0.17574382 2732
0.20829852 2733
0.16273202 2734
0.18189736 2735
0.17540687 2736
0.19182718 2737
0.20598377 2738
0.2042693 2739
0.17599937 2740
0.19802503 2741
0.18776634 2742
0.16930507 2743
0.1953231 2744
0.1833257 2745
0.20425712 2746
0.2027168 2747
0.17173012 2748
0.188572 2749
0.17699467 2750
0.1711918 2751
0.17445587 2752
0.19698673 2753
0.16019091 2754
0.18725033 2755
0.21226618 2756
0.19600081 2757
0.17980632 2758
0.18284868 2759
0.16662143 2760
0.1711306 2761
0.17896944 2762
0.20655252 2763
0.16396987 2764
0.18515188 2765
0.17211083 2766
0.19585098 2767
0.16431351 2768
0.15606172 2769
0.20242074 2770
0.18151024 2771
0.19352722 2772
0.1843014 2773
0.20316318 2774
0.19193712 2775
0.21653827 2776
0.19600902 2777
0.18982671 2778
0.23583846 2779
0.16913913 2780
0.16614246 2781
0.19866148 2782
0.20220634 2783
0.20574692 2784
0.17083916 2785
0.17581466 2786
0.16742054 2787
0.15511993 2788
0.17455465 2789
0.15057887 2790
0.19798784 2791
0.16576338 2792
0.17407618 2793
0.14944609 2794
0.22518474 2795
0.18904483 2796
0.19634275 2797
0.17450376 2798
0.19069023 2799
0.16904823 2800
0.15093698 2801
0.1852198 2802
0.18797462 2803
0.17829378 2804
0.18334287 2805
0.1914213 2806
0.1701613 2807
0.18769054 2808
0.181463 2809
0.19023986 2810
0.19232361 2811
0.17845573 2812
0.19140579 2813
0.20189227 2814
0.20684552 2815
0.19553286 2816
0.15742846 2817
0.18000127 2818
0.16342586 2819
0.17326686 2820
0.17516205 2821
0.18156937 2822
0.17830566 2823
0.21209624 2824
0.19397357 2825
0.17306486 2826
0.1840018 2827
0.17150322 2828
0.19777709 2829
0.17988658 2830
0.17207016 2831
0.20373046 2832
0.16322312 2833
0.18662095 2834
0.19847858 2835
0.20114404 2836
0.18390086 2837
0.17921047 2838
0.19521081 2839
0.17886254 2840
0.1737757 2841
0.15583868 2842
0.1973787 2843
0.15273559 2844
0.17853862 2845
0.16719642 2846
0.1821785 2847
0.19829746 2848
0.18718585 2849
0.15972196 2850
0.1863393 2851
0.19081941 2852
0.18667413 2853
0.16689555 2854
0.15278387 2855
0.19005871 2856
0.19870459 2857
0.18609746 2858
0.18832363 2859
0.1827104 2860
0.16930665 2861
0.18169487 2862
0.1953468 2863
0.17984843 2864
0.15488735 2865
0.17834814 2866
0.18077259 2867
0.17553827 2868
0.18032302 2869
0.15102342 2870
0.15727775 2871
0.16909572 2872
0.21182199 2873
0.18744642 2874
0.16662063 2875
0.18198 2876
0.17173637 2877
0.18658435 2878
0.20285669 2879
0.19799738 2880
0.19237818 2881
0.17803498 2882
0.1750835 2883
0.18694942 2884
0.17785393 2885
0.180965 2886
0.15265527 2887
0.17178619 2888
0.16346219 2889
0.1852359 2890
0.15206239 2891
0.16687438 2892
0.16438429 2893
0.19888696 2894
0.18526582 2895
0.17792575 2896
0.1703815 2897
0.18512665 2898
0.19170564 2899
0.18159603 2900
0.18603107 2901
0.20719416 2902
0.15145321 2903
0.17023197 2904
0.16775383 2905
0.20701692 2906
0.18035923 2907
0.17932966 2908
0.19282815 2909
0.18395802 2910
0.17936735 2911
0.17640662 2912
0.16622944 2913
0.18083808 2914
0.17182298 2915
0.1800002 2916
0.20231612 2917
0.18007028 2918
0.18794818 2919
0.17945541 2920
0.17569181 2921
0.1856264 2922
0.1915203 2923
0.18876174 2924
0.1672837 2925
0.16655937 2926
0.2057956 2927
0.17221218 2928
0.17421585 2929
0.19766445 2930
0.17123012 2931
0.1721539 2932
0.20689845 2933
0.1925854 2934
0.17659503 2935
0.19770414 2936
0.17627054 2937
0.17853332 2938
0.16069742 2939
0.20095056 2940
0.16780438 2941
0.14166045 2942
0.17440243 2943
0.18600282 2944
0.16297123 2945
0.19191125 2946
0.17205551 2947
0.17217585 2948
0.16770576 2949
0.15012307 2950
0.15614417 2951
0.19199184 2952
0.16787784 2953
0.19814229 2954
0.15383981 2955
0.17431465 2956
0.17781566 2957
0.17892711 2958
0.17449422 2959
0.18796144 2960
0.13747562 2961
0.1851809 2962
0.16524363 2963
0.19146207 2964
0.16988584 2965
0.14754066 2966
0.18206951 2967
0.15073809 2968
0.17774555 2969
0.16635677 2970
0.18092413 2971
0.17076 2972
0.1834636 2973
0.1560423 2974
0.1551785 2975
0.16574527 2976
0.17360446 2977
0.17818248 2978
0.17636144 2979
0.17414318 2980
0.17968348 2981
0.20607549 2982
0.16208704 2983
0.16390043 2984
0.16393098 2985
0.17260966 2986
0.18624438 2987
0.15468761 2988
0.16449754 2989
0.1720594 2990
0.18343845 2991
0.1819454 2992
0.1596135 2993
0.17286365 2994
0.14215265 2995
0.16462679 2996
0.20041966 2997
0.18347374 2998
0.1779689 2999
0.18033691 3000
0.19596235 3001
0.16532695 3002
0.151948 3003
0.18743426 3004
0.1635873 3005
0.16388935 3006
0.19966713 3007
0.16517635 3008
0.16490552 3009
0.18530385 3010
0.15826268 3011
0.16285565 3012
0.1768515 3013
0.16385521 3014
0.17765155 3015
0.18422768 3016
0.15272777 3017
0.17259876 3018
0.19213271 3019
0.1475444 3020
0.17016523 3021
0.15211807 3022
0.16488181 3023
0.18075195 3024
0.17721634 3025
0.17155702 3026
0.17925644 3027
0.14715664 3028
0.18403511 3029
0.15476093 3030
0.17868154 3031
0.16454746 3032
0.16839184 3033
0.19104564 3034
0.17452806 3035
0.16861011 3036
0.18628724 3037
0.15812336 3038
0.14619207 3039
0.16958359 3040
0.17926894 3041
0.18167375 3042
0.18232232 3043
0.17200026 3044
0.18573318 3045
0.16461019 3046
0.18746215 3047
0.20568761 3048
0.18963332 3049
0.1712781 3050
0.19829613 3051
0.20115535 3052
0.17104179 3053
0.1481033 3054
0.16286156 3055
0.16695067 3056
0.16414195 3057
0.18230651 3058
0.18269165 3059
0.20207675 3060
0.18546066 3061
0.17530483 3062
0.19694938 3063
0.15603627 3064
0.19764541 3065
0.16283023 3066
0.1774032 3067
0.1649356 3068
0.1559476 3069
0.17229971 3070
0.15684329 3071
0.16683802 3072
0.16037318 3073
0.18483631 3074
0.18574136 3075
0.16677059 3076
0.1971973 3077
0.16121711 3078
0.17379591 3079
0.16512626 3080
0.18722217 3081
0.1788604 3082
0.183353 3083
0.16476059 3084
0.14290224 3085
0.17823093 3086
0.15926102 3087
0.18371095 3088
0.19810991 3089
0.1910208 3090
0.19853689 3091
0.16091105 3092
0.16872425 3093
0.19410242 3094
0.18515752 3095
0.16487816 3096
0.20348673 3097
0.17780346 3098
0.1630624 3099
0.16473643 3100
0.17932518 3101
0.17513412 3102
0.18485825 3103
0.17823577 3104
0.1653836 3105
0.15107958 3106
0.15562369 3107
0.1857436 3108
0.17256935 3109
0.18430167 3110
0.17497344 3111
0.16960533 3112
0.15622646 3113
0.1618262 3114
0.16857927 3115
0.18906023 3116
0.14719428 3117
0.16243336 3118
0.15631205 3119
0.19666709 3120
0.18638127 3121
0.16853864 3122
0.16531052 3123
0.15940651 3124
0.17903362 3125
0.17293862 3126
0.1498462 3127
0.17414184 3128
0.14927801 3129
0.17218494 3130
0.16344523 3131
0.1653922 3132
0.15902624 3133
0.17508872 3134
0.17372453 3135
0.15735331 3136
0.14599578 3137
0.17296845 3138
0.20685299 3139
0.16083501 3140
0.18081369 3141
0.17928684 3142
0.18889734 3143
0.19383514 3144
0.1727087 3145
0.15996374 3146
0.19598688 3147
0.19396311 3148
0.18528783 3149
0.18440181 3150
0.17918916 3151
0.17585965 3152
0.160501 3153
0.17952451 3154
0.18654607 3155
0.16586627 3156
0.17609374 3157
0.15766399 3158
0.17688455 3159
0.15497829 3160
0.17761981 3161
0.18107443 3162
0.15990646 3163
0.17655201 3164
0.15197638 3165
0.17117462 3166
0.15482374 3167
0.16521195 3168
0.1898972 3169
0.1793005 3170
0.1529497 3171
0.17147781 3172
0.15525502 3173
0.16412824 3174
0.16312078 3175
0.15431257 3176
0.1612431 3177
0.17299148 3178
0.15207858 3179
0.18384056 3180
0.15661035 3181
0.16552982 3182
0.16873527 3183
0.19299027 3184
0.17074138 3185
0.17840028 3186
0.18634637 3187
0.1714397 3188
0.17518881 3189
0.15593828 3190
0.17817293 3191
0.17180908 3192
0.17085907 3193
0.14918824 3194
0.16699573 3195
0.19901071 3196
0.16355525 3197
0.16360497 3198
0.18390086 3199
0.18206827 3200
0.16902278 3201
0.1574181 3202
0.16816697 3203
0.17807405 3204
0.17069267 3205
0.15094103 3206
0.18207382 3207
0.1768634 3208
0.16581994 3209
0.15516494 3210
0.1780439 3211
0.18364793 3212
0.1577788 3213
0.144082 3214
0.17100112 3215
0.17544395 3216
0.16318302 3217
0.16867085 3218
0.14534849 3219
0.17255315 3220
0.15858853 3221
0.16093731 3222
0.17139913 3223
0.17101616 3224
0.14884254 3225
0.17245336 3226
0.15536256 3227
0.1563482 3228
0.15271828 3229
0.18388872 3230
0.14862433 3231
0.17511596 3232
0.1594519 3233
0.15917009 3234
0.1817868 3235
0.16059761 3236
0.17651439 3237
0.17687061 3238
0.18376824 3239
0.15890375 3240
0.16233958 3241
0.15706444 3242
0.17968656 3243
0.17668849 3244
0.18165985 3245
0.16443245 3246
0.1760411 3247
0.1654583 3248
0.16446225 3249
0.17938194 3250
0.15386912 3251
0.1587508 3252
0.18368141 3253
0.16740844 3254
0.14825395 3255
0.18209413 3256
0.14584136 3257
0.15233298 3258
0.15996814 3259
0.16260436 3260
0.17411762 3261
0.14191112 3262
0.16702844 3263
0.16031691 3264
0.1506868 3265
0.16025619 3266
0.17121616 3267
0.16615224 3268
0.17710331 3269
0.16311553 3270
0.16165951 3271
0.16648506 3272
0.15772912 3273
0.1525166 3274
0.15627217 3275
0.16289175 3276
0.16735248 3277
0.16788393 3278
0.16819678 3279
0.17135268 3280
0.15810668 3281
0.16991772 3282
0.1617481 3283
0.16487156 3284
0.15638939 3285
0.19146717 3286
0.13984887 3287
0.17461975 3288
0.19552691 3289
0.15106882 3290
0.15406218 3291
0.17428783 3292
0.1760034 3293
0.16433361 3294
0.1757572 3295
0.17014839 3296
0.1593286 3297
0.15893044 3298
0.15553345 3299
0.15211068 3300
0.16397484 3301
0.14473096 3302
0.18000473 3303
0.15957664 3304
0.1641542 3305
0.16379005 3306
0.14054799 3307
0.16982037 3308
0.16869903 3309
0.15190564 3310
0.15319894 3311
0.1595445 3312
0.17065436 3313
0.18836986 3314
0.15019798 3315
0.16493496 3316
0.14431356 3317
0.16236478 3318
0.1742607 3319
0.16586836 3320
0.17763893 3321
0.1720707 3322
0.177385 3323
0.16077654 3324
0.14028299 3325
0.15222074 3326
0.14410181 3327
0.15702938 3328
0.17649911 3329
0.15409264 3330
0.14601238 3331
0.15167916 3332
0.15047958 3333
0.15609337 3334
0.13327685 3335
0.14570753 3336
0.16128328 3337
0.16989353 3338
0.15537034 3339
0.15934044 3340
0.15767135 3341
0.17226738 3342
0.17072918 3343
0.16114932 3344
0.17218517 3345
0.15560429 3346
0.14054903 3347
0.16085109 3348
0.17465268 3349
0.1574772 3350
0.17268859 3351
0.14189947 3352
0.150459 3353
0.1594432 3354
0.17435156 3355
0.147118 3356
0.17474625 3357
0.17804217 3358
0.17187156 3359
0.17156528 3360
0.16530071 3361
0.16468437 3362
0.16366191 3363
0.16542462 3364
0.17365137 3365
0.18513563 3366
0.17495906 3367
0.15637203 3368
0.13993038 3369
0.16457927 3370
0.17256187 3371
0.16785622 3372
0.15776147 3373
0.15129857 3374
0.14531621 3375
0.15653262 3376
0.15346871 3377
0.1670574 3378
0.16276668 3379
0.15738687 3380
0.20203082 3381
0.16400455 3382
0.16620408 3383
0.1611491 3384
0.14588441 3385
0.15355001 3386
0.15296575 3387
0.15510626 3388
0.14975084 3389
0.15557538 3390
0.15081291 3391
0.16022766 3392
0.17984231 3393
0.15045121 3394
0.15961583 3395
0.1725421 3396
0.1625408 3397
0.14995946 3398
0.15694255 3399
0.15092511 3400
0.16080497 3401
0.1609953 3402
0.15846126 3403
0.14419599 3404
0.16389142 3405
0.14302632 3406
0.17337649 3407
0.19154753 3408
0.14543682 3409
0.16627131 3410
0.15645097 3411
0.12974922 3412
0.18347162 3413
0.1670234 3414
0.15454708 3415
0.14427596 3416
0.18304478 3417
0.14950606 3418
0.14492771 3419
0.1795203 3420
0.14984113 3421
0.13467096 3422
0.16459158 3423
0.16976056 3424
0.16111793 3425
0.16673309 3426
0.18461438 3427
0.15840267 3428
0.16107556 3429
0.15397169 3430
0.13777284 3431
0.19997135 3432
0.16448227 3433
0.13889422 3434
0.15340139 3435
0.15306002 3436
0.183181 3437
0.14895034 3438
0.14090474 3439
0.1640583 3440
0.15913449 3441
0.12900402 3442
0.15813275 3443
0.14762399 3444
0.17009953 3445
0.1516746 3446
0.15055859 3447
0.15548699 3448
0.13749407 3449
0.16162716 3450
0.1519941 3451
0.15565263 3452
0.14531386 3453
0.15415895 3454
0.12422824 3455
0.15139292 3456
0.16888326 3457
0.16015504 3458
0.14379711 3459
0.17160678 3460
0.15811846 3461
0.15083559 3462
0.15144521 3463
0.1549163 3464
0.14088607 3465
0.14954115 3466
0.16160999 3467
0.14432155 3468
0.16866489 3469
0.16413982 3470
0.18641949 3471
0.16064365 3472
0.16236411 3473
0.14459954 3474
0.14431223 3475
0.16441044 3476
0.14351511 3477
0.14259577 3478
0.16798012 3479
0.15285532 3480
0.161438 3481
0.15985474 3482
0.17259124 3483
0.16679764 3484
0.15338662 3485
0.17429644 3486
0.14972973 3487
0.12376793 3488
0.13631082 3489
0.16318372 3490
0.14023453 3491
0.1707 3492
0.15002622 3493
0.15826546 3494
0.14992854 3495
0.16194385 3496
0.16740644 3497
0.16786754 3498
0.14825432 3499
0.1646527 3500
0.15100412 3501
0.16762753 3502
0.15256618 3503
0.16949484 3504
0.15253206 3505
0.15092283 3506
0.16190729 3507
0.14560778 3508
0.15059672 3509
0.15738371 3510
0.1593925 3511
0.17479652 3512
0.15961619 3513
0.1576628 3514
0.15356632 3515
0.17337161 3516
0.15793061 3517
0.1542561 3518
0.14826974 3519
0.14581023 3520
0.14534146 3521
0.14129291 3522
0.17126977 3523
0.14531536 3524
0.16605994 3525
0.15259835 3526
0.1343343 3527
0.1292531 3528
0.14559418 3529
0.19080883 3530
0.1426351 3531
0.1418634 3532
0.15531471 3533
0.16436855 3534
0.15005265 3535
0.15539856 3536
0.16094379 3537
0.15635557 3538
0.15177645 3539
0.15296891 3540
0.15288822 3541
0.15399292 3542
0.15133171 3543
0.146239 3544
0.14817166 3545
0.16722378 3546
0.15471496 3547
0.17050086 3548
0.17232162 3549
0.14751175 3550
0.14856765 3551
0.15852925 3552
0.1616423 3553
0.16017833 3554
0.15820739 3555
0.1386762 3556
0.1701096 3557
0.16890809 3558
0.1610476 3559
0.1377729 3560
0.14476524 3561
0.17165987 3562
0.15170905 3563
0.14627098 3564
0.18194553 3565
0.17619571 3566
0.14707132 3567
0.14386927 3568
0.15021749 3569
0.17630185 3570
0.15530977 3571
0.14785539 3572
0.1664128 3573
0.15472439 3574
0.16417006 3575
0.18293417 3576
0.15574256 3577
0.15138328 3578
0.13843025 3579
0.15211026 3580
0.1553354 3581
0.14846788 3582
0.15596886 3583
0.15543425 3584
0.15559852 3585
0.15340807 3586
0.14937346 3587
0.13782546 3588
0.14138158 3589
0.1411262 3590
0.15663941 3591
0.15657388 3592
0.1432979 3593
0.14106832 3594
0.15509717 3595
0.17383035 3596
0.1519197 3597
0.1441197 3598
0.14306231 3599
0.15517443 3600
0.14433633 3601
0.15713276 3602
0.1527457 3603
0.14682166 3604
0.16707397 3605
0.14940058 3606
0.1531105 3607
0.14387788 3608
0.15698299 3609
0.15300839 3610
0.13604376 3611
0.14937891 3612
0.14740841 3613
0.15636878 3614
0.17168835 3615
0.14268221 3616
0.14530095 3617
0.14713764 3618
0.14497387 3619
0.17042796 3620
0.17056698 3621
0.14860646 3622
0.1465929 3623
0.15860938 3624
0.1444522 3625
0.15600213 3626
0.17727381 3627
0.13621864 3628
0.16584934 3629
0.15667869 3630
0.14662641 3631
0.17545798 3632
0.14978579 3633
0.14766318 3634
0.1354523 3635
0.16148643 3636
0.15422657 3637
0.1422431 3638
0.14799164 3639
0.14721942 3640
0.15864114 3641
0.14146933 3642
0.14055881 3643
0.16947755 3644
0.15986162 3645
0.14784394 3646
0.15099308 3647
0.16326533 3648
0.14511226 3649
0.15431453 3650
0.14742394 3651
0.13108476 3652
0.15125898 3653
0.14786913 3654
0.16177936 3655
0.15774235 3656
0.1430243 3657
0.16286102 3658
0.14784612 3659
0.1641007 3660
0.15186316 3661
0.14863963 3662
0.15717366 3663
0.16219078 3664
0.13968162 3665
0.14631663 3666
0.1500208 3667
0.14288409 3668
0.18607582 3669
0.1801559 3670
0.16137797 3671
0.16204292 3672
0.15980844 3673
0.14568429 3674
0.17692935 3675
0.1447347 3676
0.1423267 3677
0.14729697 3678
0.15424527 3679
0.14501156 3680
0.14019512 3681
0.1748523 3682
0.15857112 3683
0.13373087 3684
0.15877163 3685
0.168161 3686
0.16893181 3687
0.15526748 3688
0.16252668 3689
0.14361626 3690
0.16736004 3691
0.15438576 3692
0.16514377 3693
0.17171863 3694
0.14720705 3695
0.16001715 3696
0.1700685 3697
0.15312703 3698
0.1805448 3699
0.18426445 3700
0.1638591 3701
0.18378326 3702
0.15755762 3703
0.13711691 3704
0.16287307 3705
0.13676862 3706
0.15038088 3707
0.16311458 3708
0.14643858 3709
0.14817318 3710
0.16491242 3711
0.1534761 3712
0.14453402 3713
0.14365236 3714
0.15822503 3715
0.15317446 3716
0.15088686 3717
0.16062255 3718
0.15722638 3719
0.15075625 3720
0.16631836 3721
0.15302497 3722
0.14732848 3723
0.1585057 3724
0.17836994 3725
0.17082435 3726
0.14375049 3727
0.15644042 3728
0.15913635 3729
0.15813184 3730
0.14994356 3731
0.14324015 3732
0.14238344 3733
0.14661236 3734
0.14072777 3735
0.19174032 3736
0.14978282 3737
0.16533737 3738
0.14932005 3739
0.14032736 3740
0.16892561 3741
0.15327248 3742
0.1513926 3743
0.16173916 3744
0.15687972 3745
0.14652596 3746
0.1670914 3747
0.18012866 3748
0.14669994 3749
0.16223693 3750
0.14433758 3751
0.16562279 3752
0.1551334 3753
0.12768503 3754
0.16549124 3755
0.16205582 3756
0.16576926 3757
0.17167172 3758
0.14783442 3759
0.14154151 3760
0.14975166 3761
0.15741518 3762
0.1532847 3763
0.15830262 3764
0.13537808 3765
0.14662634 3766
0.14408906 3767
0.16490969 3768
0.17246552 3769
0.13226648 3770
0.15821682 3771
0.14650999 3772
0.14482188 3773
0.15542063 3774
0.14427224 3775
0.1457993 3776
0.15268931 3777
0.16266853 3778
0.13410807 3779
0.15404636 3780
0.15255918 3781
0.16049334 3782
0.13894017 3783
0.15267095 3784
0.1422427 3785
0.13987844 3786
0.13334225 3787
0.14747736 3788
0.13175972 3789
0.15711553 3790
0.15332657 3791
0.17009266 3792
0.1378129 3793
0.15871361 3794
0.1431024 3795
0.16242737 3796
0.15423045 3797
0.1649958 3798
0.13367015 3799
0.15218781 3800
0.15094218 3801
0.12955306 3802
0.14092764 3803
0.15099666 3804
0.15060842 3805
0.15288974 3806
0.15426874 3807
0.17082101 3808
0.15855071 3809
0.15190628 3810
0.15327436 3811
0.1589552 3812
0.13574742 3813
0.13168299 3814
0.14397493 3815
0.14771076 3816
0.14383745 3817
0.15439415 3818
0.15819438 3819
0.15462282 3820
0.15071173 3821
0.14600058 3822
0.14782853 3823
0.15444475 3824
0.13381927 3825
0.1528887 3826
0.15343389 3827
0.13298635 3828
0.13522811 3829
0.15484689 3830
0.1412227 3831
0.14212961 3832
0.15968601 3833
0.15984236 3834
0.14529666 3835
0.15035956 3836
0.12623787 3837
0.15772799 3838
0.15193716 3839
0.15246408 3840
0.13727845 3841
0.17282085 3842
0.13092285 3843
0.14531408 3844
0.16241527 3845
0.12051652 3846
0.14322734 3847
0.14215526 3848
0.13578661 3849
0.16862568 3850
0.1508133 3851
0.1335519 3852
0.15772367 3853
0.17095941 3854
0.15865979 3855
0.15166394 3856
0.16561644 3857
0.13072003 3858
0.12928738 3859
0.15149094 3860
0.14779307 3861
0.16245553 3862
0.14131846 3863
0.12652488 3864
0.12599042 3865
0.15529627 3866
0.15870531 3867
0.15332961 3868
0.14562379 3869
0.13879496 3870
0.1347258 3871
0.16066328 3872
0.12785034 3873
0.14330459 3874
0.1503241 3875
0.1532762 3876
0.15093657 3877
0.13509336 3878
0.14207444 3879
0.14997171 3880
0.14972042 3881
0.14747947 3882
0.15523168 3883
0.14278421 3884
0.14085603 3885
0.14253913 3886
0.13108627 3887
0.141344 3888
0.12837814 3889
0.14635198 3890
0.15387586 3891
0.15059859 3892
0.13105015 3893
0.13162003 3894
0.14451267 3895
0.17111509 3896
0.15063941 3897
0.14220586 3898
0.15028344 3899
0.122457616 3900
0.14481619 3901
0.15332763 3902
0.14420709 3903
0.13123265 3904
0.12762351 3905
0.15143135 3906
0.14945316 3907
0.1314953 3908
0.13196611 3909
0.14532982 3910
0.14970109 3911
0.14251298 3912
0.15918298 3913
0.15435939 3914
0.1651726 3915
0.15201493 3916
0.14333765 3917
0.16085216 3918
0.13090049 3919
0.13701674 3920
0.16116455 3921
0.14386618 3922
0.14595272 3923
0.13263208 3924
0.15812933 3925
0.14021537 3926
0.15125275 3927
0.1347527 3928
0.14318526 3929
0.1480021 3930
0.14373484 3931
0.1549176 3932
0.146001 3933
0.16341808 3934
0.14559054 3935
0.15647762 3936
0.13950603 3937
0.1734691 3938
0.13840948 3939
0.14828902 3940
0.15692687 3941
0.1346466 3942
0.15292586 3943
0.12554081 3944
0.14421144 3945
0.15081741 3946
0.1499599 3947
0.14939761 3948
0.1527951 3949
0.14266302 3950
0.14892833 3951
0.15331006 3952
0.15921053 3953
0.14198174 3954
0.16140722 3955
0.1619226 3956
0.14517313 3957
0.14663152 3958
0.13856786 3959
0.14168541 3960
0.14239575 3961
0.14244659 3962
0.13268675 3963
0.16368313 3964
0.13254431 3965
0.16772734 3966
0.12583499 3967
0.12614839 3968
0.14841498 3969
0.1597575 3970
0.15508513 3971
0.13985038 3972
0.14591247 3973
0.14591663 3974
0.12413309 3975
0.13324587 3976
0.14350693 3977
0.17134206 3978
0.14676103 3979
0.16158348 3980
0.14883797 3981
0.1586059 3982
0.13286124 3983
0.14059839 3984
0.14390537 3985
0.1574003 3986
0.13551974 3987
0.13969545 3988
0.12471439 3989
0.16880575 3990
0.15059218 3991
0.15376994 3992
0.1388279 3993
0.13891363 3994
0.14860229 3995
0.15832856 3996
0.15509783 3997
0.14175248 3998
0.14740126 3999
0.124719165 4000
0.1561736 4001
0.14433223 4002
0.14187671 4003
0.14643943 4004
0.14741471 4005
0.13045673 4006
0.13648042 4007
0.14151916 4008
0.16452332 4009
0.13340673 4010
0.121066585 4011
0.14821428 4012
0.14691278 4013
0.16079877 4014
0.1426589 4015
0.14423227 4016
0.14142641 4017
0.14242657 4018
0.15755734 4019
0.12810202 4020
0.13104752 4021
0.18150078 4022
0.17382675 4023
0.15877092 4024
0.12559055 4025
0.14016216 4026
0.15005772 4027
0.13653325 4028
0.14564365 4029
0.15296291 4030
0.13097708 4031
0.1517366 4032
0.14592777 4033
0.1347531 4034
0.1397422 4035
0.1488936 4036
0.14051501 4037
0.16247769 4038
0.13428892 4039
0.13012612 4040
0.15165257 4041
0.1382089 4042
0.15389915 4043
0.13241027 4044
0.16476093 4045
0.1391686 4046
0.14099486 4047
0.14793058 4048
0.1440698 4049
0.1374742 4050
0.14221476 4051
0.14170422 4052
0.13629273 4053
0.13440353 4054
0.1338826 4055
0.15800098 4056
0.14144458 4057
0.15594067 4058
0.14709257 4059
0.134898 4060
0.161607 4061
0.14271222 4062
0.13348934 4063
0.12248525 4064
0.13397533 4065
0.1395762 4066
0.12527157 4067
0.14078641 4068
0.15941803 4069
0.14564058 4070
0.12862146 4071
0.12754808 4072
0.152205 4073
0.14498952 4074
0.14435822 4075
0.13722749 4076
0.13432617 4077
0.13618197 4078
0.12317665 4079
0.1435997 4080
0.13849582 4081
0.15834832 4082
0.12954076 4083
0.14121346 4084
0.14482702 4085
0.147519 4086
0.16267928 4087
0.13686623 4088
0.15018505 4089
0.14217007 4090
0.12788509 4091
0.13376127 4092
0.1351211 4093
0.14747037 4094
0.15644322 4095
0.1555444 4096
0.14676407 4097
0.13210651 4098
0.1463163 4099
0.15164156 4100
0.15313902 4101
0.13400458 4102
0.14745821 4103
0.15863946 4104
0.16153845 4105
0.16017085 4106
0.13234204 4107
0.13105732 4108
0.13975593 4109
0.13708128 4110
0.14704715 4111
0.1431182 4112
0.15836996 4113
0.15388355 4114
0.12004445 4115
0.15108411 4116
0.14482117 4117
0.13457729 4118
0.13629067 4119
0.14298312 4120
0.13627996 4121
0.13862906 4122
0.13640913 4123
0.1458779 4124
0.1458246 4125
